minX = 1208.275512
minY = -1157.306396
maxX = 1071.485473
maxY = -1273.724609
Team = 4
Preuzeto = 0
Glavna = 0
Pickupx = 1083.178344
Pickupy = -1226.573974
Pickupz = 15.820312
