minX = 2331.043701
minY = -1145.717651
maxX = 2635.313964
maxY = -1055.301025
Team = 1
Glavna = 1
Preuzeto = 0
Pickupx = 2604.773193
Pickupy = -1112.550903
Pickupz = 67.883224
