minX = 900.069519
minY = -2754.638671
maxX = 1196.364501
maxY = -2472.762939
Team = 3
Preuzeto = 0
Glavna = 1
Pickupx = 1086.738281
Pickupy = -2591.698974
Pickupz = 8.842357
