minX = 2626.811523
minY = -1893.408325
maxX = 2846.386474
maxY = -1664.187255
Team = 2
Preuzeto = 0
Glavna = 0
Pickupx = 2654.143798
Pickupy = -1715.117431
Pickupz = 9.296427
