minX = 2223.226562
minY = -1724.179077
maxX = 2335.400878
maxY = -1666.069213
Team = 2
Preuzeto = 0
Pickupx = 2266.484130
Pickupy = -1701.099365
Pickupz = 13.689982
