ProveraVlasnika = 0
Vlasnik = Niko
Vrsta = Mala Kuca
UlazX = 2050.730712
UlazY = -1065.762207
UlazZ = 25.783622
IzlazX = 223.073196
IzlazY = 1288.366821
IzlazZ = 1082.140625
Level = 4
Cena = 55000
Novac = 0
Interior = 1
Zatvoreno = 1
VW = 280
Oruzije = -1
Municija = 0
Rent = 0
CenaRenta = 50
Zvono = 0
Heal = 0
Mats = 0
Droga = 0
Odjeca = 0
VrstaIntKuce = 1
Hrana = 0
Neaktivnost = 0
Cannabis = 0
Kokain = 0
