ProveraVlasnika = 0
Vlasnik = Niko
Vrsta = Mala Kuca
UlazX = 2287.651367
UlazY = -1081.062866
UlazZ = 48.199069
IzlazX = 261.045684
IzlazY = 1285.482421
IzlazZ = 1080.257812
Level = 4
Cena = 55000
Novac = 0
Interior = 4
Zatvoreno = 1
VW = 110
Oruzije = -1
Municija = 0
Rent = 0
CenaRenta = 50
Zvono = 0
Heal = 0
Mats = 0
Droga = 0
Odjeca = 0
VrstaIntKuce = 1
Hrana = 0
Neaktivnost = 75
Cannabis = 0
Kokain = 0
