ProveraVlasnika = 1
Vlasnik = Ray_Tyrax
Vrsta = Velika Kuca
UlazX = -2641.083251
UlazY = 935.720153
UlazZ = 71.953125
IzlazX = 2317.897705
IzlazY = -1025.772216
IzlazZ = 1050.210937
Level = 9
Cena = 1
Novac = 0
Interior = 9
Zatvoreno = 1
VW = 335
Oruzije = -1
Municija = 0
Rent = 0
CenaRenta = 50
Zvono = 0
Heal = 0
Mats = 0
Cannabis = 0
Kokain = 0
Odjeca = 0
VrstaIntKuce = 3
Hrana = 0
Neaktivnost = 109
