ProveraVlasnika = 1
Vlasnik = Miljan_Miller
Vrsta = Mala Kuca
UlazX = 923.934875
UlazY = -853.471435
UlazZ = 93.456520
IzlazX = 261.045684
IzlazY = 1285.482421
IzlazZ = 1080.257812
Level = 4
Cena = 55000
Novac = 1683746
Interior = 4
Zatvoreno = 1
VW = 289
Oruzije = -1
Municija = 0
Rent = 0
CenaRenta = 50
Zvono = 1
Heal = 1
Mats = 0
Droga = 0
Odjeca = 0
VrstaIntKuce = 1
Hrana = 55
Neaktivnost = 110
Cannabis = 0
Kokain = 0
