ProveraVlasnika = 0
Vlasnik = Niko
Vrsta = Mala Kuca
UlazX = 2015.350463
UlazY = -1732.626098
UlazZ = 14.234375
IzlazX = 261.045684
IzlazY = 1285.482421
IzlazZ = 1080.257812
Level = 4
Cena = 55000
Novac = 0
Interior = 4
Zatvoreno = 1
VW = 190
Oruzije = -1
Municija = 0
Rent = 0
CenaRenta = 50
Zvono = 0
Heal = 0
Mats = 0
Droga = 0
Odjeca = 0
VrstaIntKuce = 1
Hrana = 0
Neaktivnost = 0
Cannabis = 0
Kokain = 0
