ProveraVlasnika = 0
Vlasnik = Niko
Vrsta = Villa
UlazX = 251.441284
UlazY = -1220.207763
UlazZ = 76.102371
IzlazX = 140.260498
IzlazY = 1367.422119
IzlazZ = 1083.861450
Level = 12
Cena = 260000
Novac = 0
Interior = 5
Zatvoreno = 1
VW = 326
Oruzije = -1
Municija = 0
Rent = 0
CenaRenta = 50
Zvono = 0
Heal = 0
Mats = 0
Droga = 0
Odjeca = 0
VrstaIntKuce = 4
Hrana = 0
Neaktivnost = 0
Cannabis = 0
Kokain = 0
