ProveraVlasnika = 0
Vlasnik = Niko
Vrsta = Mala Kuca
UlazX = 673.179809
UlazY = -1020.023071
UlazZ = 55.759605
IzlazX = 223.073196
IzlazY = 1288.366821
IzlazZ = 1082.140625
Level = 4
Cena = 55000
Novac = 0
Interior = 1
Zatvoreno = 1
VW = 316
Oruzije = -1
Municija = 0
Rent = 0
CenaRenta = 50
Zvono = 0
Heal = 0
Mats = 0
Droga = 0
Odjeca = 0
VrstaIntKuce = 1
Hrana = 0
Neaktivnost = 0
Cannabis = 0
Kokain = 0
