ProveraVlasnika = 1
Vlasnik = Tozla_Schwarz
Vrsta = Mala Kuca
UlazX = 2091.600830
UlazY = -1068.215332
UlazZ = 28.085060
IzlazX = 223.073196
IzlazY = 1288.366821
IzlazZ = 1082.140625
Level = 4
Cena = 55000
Novac = 439000
Interior = 1
Zatvoreno = 1
VW = 100
Oruzije = -1
Municija = 0
Rent = 0
CenaRenta = 50
Zvono = 0
Heal = 0
Mats = 0
Droga = 0
Odjeca = 0
VrstaIntKuce = 1
Hrana = 0
Neaktivnost = 109
Cannabis = 0
Kokain = 0
