ProveraVlasnika = 0
Vlasnik = Niko
UlazX = 2362.651367
UlazY = -1046.433105
UlazZ = 54.273303
IzlazX = 421.919097
IzlazY = 2536.452880
IzlazZ = 10.000000
Level = 6
Cena = 60000
Novac = 0
Int = 10
Zatvoreno = 1
VW = 8
Droga = 0
Mats = 0
Neaktivnost = 0
Cannabis = 0
Kokain = 0
