ProveraVlasnika = 0
Vlasnik = Niko
UlazX = 2330.240478
UlazY = -1060.603637
UlazZ = 52.351562
IzlazX = 421.919097
IzlazY = 2536.452880
IzlazZ = 10.000000
Level = 6
Cena = 60000
Novac = 0
Int = 10
Zatvoreno = 1
VW = 3
Droga = 0
Mats = 0
Neaktivnost = 0
Cannabis = 0
Kokain = 0
