ImaVlasnika = 0
Vlasnik = Niko
Vrsta = 12
Naziv = Restoran
Iznuda = Niko
UlazX = 1134.968139
UlazY = -1581.782104
UlazZ = 13.488862
IzlazX = 460.265411
IzlazY = -88.611503
IzlazZ = 999.554687
Level = 5
Cena = 75000
Kasa = 2068
Int = 4
Zatvoreno = 0
Proizvodi = 745
MaxProizvodi = 300
VW = 16
Neaktivnost = 0
