ImaVlasnika = 1
Vlasnik = Eldin_Mahmutovic
Vrsta = 18
Naziv = Pick & Roll
Iznuda = Niko
UlazX = 1577.895629
UlazY = -1746.286621
UlazZ = 13.546875
IzlazX = 0.000000
IzlazY = 0.000000
IzlazZ = 0.000000
Level = 6
Cena = 120000
Kasa = 2342
Int = 0
Zatvoreno = 1
Proizvodi = 285
MaxProizvodi = 300
VW = 50
Neaktivnost = 152
