ImaVlasnika = 0
Vlasnik = Niko
Vrsta = 1
Naziv = Market 24/7
Iznuda = Niko
UlazX = 2100.989990
UlazY = -1359.700805
UlazZ = 23.984375
IzlazX = -27.312299
IzlazY = -29.277599
IzlazZ = 1003.557250
Level = 7
Cena = 110000
Kasa = 395
Int = 4
Zatvoreno = 0
Proizvodi = 300
MaxProizvodi = 300
VW = 44
Neaktivnost = 0
