ImaVlasnika = 0
Vlasnik = Niko
Vrsta = 6
Naziv = Bar
Iznuda = Niko
UlazX = 2348.664794
UlazY = -1372.988159
UlazZ = 24.398437
IzlazX = 501.870788
IzlazY = -67.582000
IzlazZ = 998.757812
Level = 5
Cena = 75000
Kasa = 155
Int = 11
Zatvoreno = 0
Proizvodi = 298
MaxProizvodi = 300
VW = 35
Neaktivnost = 0
