ImaVlasnika = 1
Vlasnik = Maky_Toretto
Vrsta = 1
Naziv = Ballas
Iznuda = Niko
UlazX = 1383.144165
UlazY = 464.981903
UlazZ = 20.198507
IzlazX = -25.132600
IzlazY = -139.067001
IzlazZ = 1003.546875
Level = 3
Cena = 45000
Kasa = 75
Int = 16
Zatvoreno = 0
Proizvodi = 300
MaxProizvodi = 300
VW = 61
Neaktivnost = 312
