ImaVlasnika = 1
Vlasnik = Aleksandar_Vlacic
Vrsta = 18
Naziv = "Meridian" D.O.O Beograd
Iznuda = Niko
UlazX = 1685.466186
UlazY = -1457.374267
UlazZ = 13.621438
IzlazX = 0.000000
IzlazY = 0.000000
IzlazZ = 0.000000
Level = 8
Cena = 190000
Kasa = 25625
Int = 0
Zatvoreno = 0
Proizvodi = 300
MaxProizvodi = 300
VW = 9
Neaktivnost = 116
