ImaVlasnika = 0
Vlasnik = Niko
Vrsta = 3
Naziv = Cluckin Bell
Iznuda = Niko
UlazX = 2850.975341
UlazY = -1532.535034
UlazZ = 11.099072
IzlazX = 365.779296
IzlazY = -9.169898
IzlazZ = 1001.851623
Level = 6
Cena = 90000
Kasa = 295
Int = 9
Zatvoreno = 0
Proizvodi = 238
MaxProizvodi = 300
VW = 40
Neaktivnost = 0
