ImaVlasnika = 0
Vlasnik = Niko
Vrsta = 18
Naziv = Naftovodja
Iznuda = Niko
UlazX = 282.213073
UlazY = 1482.118164
UlazZ = 10.585927
IzlazX = 0.000000
IzlazY = 0.000000
IzlazZ = 0.000000
Level = 14
Cena = 300000
Kasa = 1760
Int = 0
Zatvoreno = 1
Proizvodi = 300
MaxProizvodi = 300
VW = 66
Neaktivnost = 0
