ImaVlasnika = 1
Vlasnik = Veljko_Black
Vrsta = 18
Naziv = Jasenak D.O.O
Iznuda = Niko
UlazX = 1178.540039
UlazY = -959.440002
UlazZ = 42.896263
IzlazX = 0.000000
IzlazY = 0.000000
IzlazZ = 0.000000
Level = 6
Cena = 110000
Kasa = 150370
Int = 0
Zatvoreno = 0
Proizvodi = 18
MaxProizvodi = 300
VW = 53
Neaktivnost = 111
