ImaVlasnika = 0
Vlasnik = Niko
Vrsta = 1
Naziv = Market 24/7
Iznuda = Niko
UlazX = 2352.983154
UlazY = -1463.127197
UlazZ = 24.000000
IzlazX = -27.312299
IzlazY = -29.277599
IzlazZ = 1003.557250
Level = 8
Cena = 90000
Kasa = 300
Int = 4
Zatvoreno = 0
Proizvodi = 300
MaxProizvodi = 300
VW = 34
Neaktivnost = 0
