ImaVlasnika = 1
Vlasnik = Sweet_Johnson
Vrsta = 18
Naziv = doo "Kosaci"
Iznuda = Niko
UlazX = 1962.859130
UlazY = -1241.183105
UlazZ = 20.039802
IzlazX = 0.000000
IzlazY = 0.000000
IzlazZ = 0.000000
Level = 14
Cena = 210000
Kasa = 0
Int = 0
Zatvoreno = 0
Proizvodi = 300
MaxProizvodi = 300
VW = 47
Neaktivnost = 110
