ImaVlasnika = 0
Vlasnik = Niko
Vrsta = 11
Naziv = Disco
Iznuda = Niko
UlazX = 1731.089355
UlazY = -1181.241699
UlazZ = 23.840023
IzlazX = 493.439300
IzlazY = -24.916900
IzlazZ = 1000.671875
Level = 7
Cena = 90000
Kasa = 93
Int = 17
Zatvoreno = 0
Proizvodi = 297
MaxProizvodi = 300
VW = 10
Neaktivnost = 0
