ImaVlasnika = 1
Vlasnik = Tijana_Tadic
Vrsta = 1
Naziv = D.O.O Mini Market
Iznuda = Niko
UlazX = 1833.423828
UlazY = -1842.715698
UlazZ = 13.578125
IzlazX = -27.312299
IzlazY = -29.277599
IzlazZ = 1003.557250
Level = 6
Cena = 110000
Kasa = 1798
Int = 4
Zatvoreno = 0
Proizvodi = 300
MaxProizvodi = 300
VW = 0
Neaktivnost = 118
