ImaVlasnika = 0
Vlasnik = Niko
Vrsta = 18
Naziv = Trafika
Iznuda = Niko
UlazX = 1944.301025
UlazY = -1941.166137
UlazZ = 13.546875
IzlazX = 0.000000
IzlazY = 0.000000
IzlazZ = 0.000000
Level = 6
Cena = 90000
Kasa = 0
Int = 0
Zatvoreno = 1
Proizvodi = 366
MaxProizvodi = 300
VW = 48
Neaktivnost = 0
