ImaVlasnika = 1
Vlasnik = Milos_Kosovac
Vrsta = 12
Naziv = Restoran i Kafic ,,Hag"
Iznuda = Niko
UlazX = 1567.901123
UlazY = -1897.789062
UlazZ = 13.560832
IzlazX = -794.958374
IzlazY = 490.110504
IzlazZ = 1376.195312
Level = 4
Cena = 100000
Kasa = 780
Int = 1
Zatvoreno = 0
Proizvodi = 60
MaxProizvodi = 300
VW = 4
Neaktivnost = 112
