ImaVlasnika = 1
Vlasnik = Luka_Lazic
Vrsta = 10
Naziv = GSF Ammunation
Iznuda = Niko
UlazX = 2400.565673
UlazY = -1981.986450
UlazZ = 13.546875
IzlazX = 316.524993
IzlazY = -167.706985
IzlazZ = 999.593750
Level = 10
Cena = 180000
Kasa = 365
Int = 6
Zatvoreno = 0
Proizvodi = 276
MaxProizvodi = 300
VW = 56
Neaktivnost = 154
