minX = 2706.955078
minY = -1940.317871
maxX = 2424.245361
maxY = -2043.349853
Team = 2
Preuzeto = 0
Pickupx = 2519.486083
Pickupy = -1946.154541
Pickupz = 13.680551
