minX = 1170.319824
minY = -1132.489013
maxX = 1254.510742
maxY = -1046.892089
Team = 4
Preuzeto = 0
Glavna = 1
Pickupx = 1187.159423
Pickupy = -1113.123779
Pickupz = 25.657505
