minX = 1658.266357
minY = -2156.961669
maxX = 1954.496704
maxY = -2059.750976
Team = 1
Preuzeto = 0
Glavna = 0
Pickupx = 1857.311401
Pickupy = -2107.272705
Pickupz = 13.558278
