minX = 2375.882080
minY = -1447.015747
maxX = 2635.868652
maxY = -1264.671264
Team = 1
Preuzeto = 0
Glavna = 0
Pickupx = 2414.497070
Pickupy = -1426.155883
Pickupz = 23.985485
