minX = 2221.012695
minY = -1967.251586
maxX = 2406.640380
maxY = -1756.273193
Team = 1
Preuzeto = 0
Glavna = 0
Pickupx = 2247.849365
Pickupy = -1786.477416
Pickupz = 13.554561
