minX = 2421.689697
minY = -1723.789550
maxX = 2540.056152
maxY = -1628.920043
Team = 4
Preuzeto = 0
Glavna = 1
Pickupx = 2480.522705
Pickupy = -1689.610229
Pickupz = 13.517323
