minX = 737.293640
minY = -1917.997558
maxX = 1034.912963
maxY = -1832.072875
Team = 4
Preuzeto = 0
Glavna = 0
Pickupx = 831.585449
Pickupy = -1852.947265
Pickupz = 8.385297
