PosZ=16.145954
PosY=-1271.417968
PosX=526.186340
Name={005b87}15 - {FFFFFF}Auto Salon 2

