PosZ=13.489909
PosY=-1439.744018
PosX=1202.018432
Name={005b87}24 - {FFFFFF}Srednja Skola

