PosZ=38.050624
PosY=-913.406982
PosX=1315.328613
Name={005b87}6 - {FFFFFF}Roda Market

