PosZ=13.148120
PosY=-1445.016113
PosX=213.301895
Name={005b87}19 - {FFFFFF}Salon Bicikala

