PosZ=1.171137
PosY=-1918.163085
PosX=576.119873
Name={005b87}20 - {FFFFFF}Salon Plovila

