PosZ=13.531000
PosY=-1616.285278
PosX=805.983093
Name={005b87}32 - {FFFFFF}McDonalds

