PosZ=24.390625
PosY=-1145.424316
PosX=1457.445312
Name={005b87}33 - {FFFFFF}Nike Shop

