PosZ=13.546875
PosY=-1606.962280
PosX=2009.683715
Name={005b87}40 - {FFFFFF}Tehnicki Pregled

