PosZ=42.334609
PosY=-944.628906
PosX=1019.959594
Name={005b87}8 - {FFFFFF}Gazprom Pumpa

