PosZ=23.821922
PosY=-1168.897949
PosX=1424.185668
Name={005b87}29 - {FFFFFF}Zlatara

