PosZ=13.129086
PosY=-1297.190673
PosX=1258.698852
Name={005b87}27 - {FFFFFF}FG Spawn

