PosZ=13.382812
PosY=-2061.714111
PosX=1968.384887
Name={005b87}34 - {FFFFFF}Prodavnica Kaciga

