PosZ=13.578100
PosY=-2017.266235
PosX=1979.451660
Name={005b87}17 - {FFFFFF}Auto Salon 4

