PosZ=23.828125
PosY=-1166.963012
PosX=1791.337646
Name={005b87}4 - {FFFFFF}Streljana

