PosZ=14.806510
PosY=-1256.125000
PosX=1685.823974
Name={005b87}37 - {FFFFFF}Kladionica

