PosZ=13.546875
PosY=-1675.627197
PosX=1538.461181
Name={005b87}2 - {FFFFFF}Policija

