PosZ=15.372869
PosY=-1181.952148
PosX=688.444519
Name={005b87}39 - {FFFFFF}Tune Shop

