PosZ=23.858234
PosY=-1155.354858
PosX=984.479125
Name={005b87}38 - {FFFFFF}DM Zona

