PosZ=13.520374
PosY=-1543.069335
PosX=1284.410766
Name={005b87}13 - {FFFFFF}Lotto

