PosZ=13.584244
PosY=-2188.174804
PosX=1474.611938
Name={005b87}10 - {FFFFFF}Nestro Pumpa

