PosZ=13.149600
PosY=-2353.334472
PosX=1157.965209
Name={005b87}30 - {FFFFFF}Hobi Ribar

