PosZ=13.574899
PosY=-1348.913085
PosX=949.177612
Name={005b87}16 - {FFFFFF}Auto Salon 3

