PosZ=15.469003
PosY=-1662.764770
PosX=2245.042480
Name={005b87}35 - {FFFFFF}Binco

