PosZ=14.239675
PosY=-1577.674560
PosX=1396.875488
Name={005b87}25 - {FFFFFF}Fakultet

