PosZ=13.546875
PosY=-1780.782836
PosX=1953.856567
Name={005b87}9 - {FFFFFF}OMV Pumpa

