PosZ=3.453037
PosY=-1600.091796
PosX=725.183776
Name={005b87}36 - {FFFFFF}Mesto za vencanje

