PosZ=13.546875
PosY=-1879.807250
PosX=1373.080688
Name={005b87}18 - {FFFFFF}Moto Salon

