PosZ=13.546875
PosY=-1739.522338
PosX=1478.779907
Name={005b87}1 - {FFFFFF}Opstina

