PosZ=23.828125
PosY=-1039.762573
PosX=1461.552246
Name={005b87}3 - {FFFFFF}Banka

