PosZ=23.828125
PosY=-1167.713500
PosX=1699.741455
Name={005b87}5 - {FFFFFF}Apoteka

