PosZ=15.384929
PosY=-1628.809936
PosX=172.293823
Name={005b87}23 - {FFFFFF}Osnovna Skola

