PosZ=13.546875
PosY=-1279.792968
PosX=1368.564819
Name={005b87}28 - {FFFFFF}Gun Shop

