PosZ=24.049100
PosY=-1529.320678
PosX=2522.620605
Name={005b87}14 - {FFFFFF}Auto Salon 1

