PosZ=13.538700
PosY=-1920.541381
PosX=2053.404296
Name={005b87}12 - {FFFFFF}Auto Skola

