PosZ=14.075005
PosY=-1324.172729
PosX=1177.525390
Name={005b87}26 - {FFFFFF}Bolnica

