PosZ=45.179000
PosY=-904.891418
PosX=1194.320312
Name={005b87}7 - {FFFFFF}Igraonica

