PosZ=13.546875
PosY=-2206.822021
PosX=2051.795166
Name={005b87}21 - {FFFFFF}Salon Letelica

