PosZ=13.389062
PosY=-1652.657714
PosX=1293.795898
Name={005b87}22 - {FFFFFF}WinWin

