PosZ=26.539300
PosY=-4.032447
PosX=2201.037353
Name={005b87}31 - {FFFFFF}Otpad Vozila

