PosZ=13.370599
PosY=-1918.614990
PosX=2398.199218
Name={005b87}11 - {FFFFFF}Forma Ideale

