IzlogVeh=24
Interior=0
VirtualW=0
CameraLookAtZ=15.778470
CameraLookAtY=-1366.307861
CameraLookAtX=972.308593
CameraPosZ=17.192348
CameraPosY=-1367.848388
CameraPosX=967.766845
PickupPosZ=13.585137
PickupPosY=-1352.057617
PickupPosX=971.525878
VehBuyedPosA=90.081535
VehBuyedPosZ=13.280200
VehBuyedPosY=-1353.412231
VehBuyedPosX=937.367919
VehAmmount16=29
VehAmmount15=30
VehAmmount14=29
VehAmmount13=30
VehAmmount12=30
VehAmmount11=30
VehAmmount10=30
VehAmmount9=29
VehAmmount8=30
VehAmmount7=27
VehAmmount6=30
VehAmmount5=29
VehAmmount4=30
VehAmmount3=30
VehAmmount2=30
VehAmmount1=27
VehModel16=603
VehModel15=602
VehModel14=400
VehModel13=410
VehModel12=411
VehModel11=415
VehModel10=536
VehModel9=534
VehModel8=526
VehModel7=504
VehModel6=506
VehModel5=496
VehModel4=492
VehModel3=482
VehModel2=477
VehModel1=445
MaxVehModel=16

