IzlogVeh=129
Interior=0
VirtualW=0
CameraLookAtZ=13.690972
CameraLookAtY=-1893.990600
CameraLookAtX=1374.013793
CameraPosZ=15.504847
CameraPosY=-1889.503540
CameraPosX=1372.758300
PickupPosZ=13.522000
PickupPosY=-1891.219482
PickupPosX=1376.106445
VehBuyedPosA=358.629608
VehBuyedPosZ=13.063347
VehBuyedPosY=-1883.883789
VehBuyedPosX=1377.027954
VehAmmount16=0
VehAmmount15=0
VehAmmount14=0
VehAmmount13=0
VehAmmount12=0
VehAmmount11=0
VehAmmount10=0
VehAmmount9=0
VehAmmount8=20
VehAmmount7=20
VehAmmount6=20
VehAmmount5=20
VehAmmount4=20
VehAmmount3=20
VehAmmount2=20
VehAmmount1=19
VehModel16=0
VehModel15=0
VehModel14=0
VehModel13=0
VehModel12=0
VehModel11=0
VehModel10=0
VehModel9=0
VehModel8=462
VehModel7=463
VehModel6=468
VehModel5=586
VehModel4=581
VehModel3=521
VehModel2=522
VehModel1=461
MaxVehModel=8

