IzlogVeh=168
Interior=0
VirtualW=0
CameraLookAtZ=14.946763
CameraLookAtY=-1998.999145
CameraLookAtX=2000.619018
CameraPosZ=16.301918
CameraPosY=-2003.533203
CameraPosX=2002.233398
PickupPosZ=14.100734
PickupPosY=-2006.196166
PickupPosX=1991.919555
VehBuyedPosA=180.590667
VehBuyedPosZ=13.282899
VehBuyedPosY=-1989.101684
VehBuyedPosX=1977.746948
VehAmmount16=0
VehAmmount15=0
VehAmmount14=0
VehAmmount13=0
VehAmmount12=0
VehAmmount11=0
VehAmmount10=14
VehAmmount9=15
VehAmmount8=15
VehAmmount7=15
VehAmmount6=15
VehAmmount5=14
VehAmmount4=15
VehAmmount3=15
VehAmmount2=14
VehAmmount1=15
VehModel16=0
VehModel15=0
VehModel14=0
VehModel13=0
VehModel12=0
VehModel11=0
VehModel10=562
VehModel9=559
VehModel8=558
VehModel7=541
VehModel6=502
VehModel5=495
VehModel4=471
VehModel3=579
VehModel2=506
VehModel1=560
MaxVehModel=10

