IzlogVeh=174
Interior=0
VirtualW=0
CameraLookAtZ=24.791976
CameraLookAtY=-1550.242797
CameraLookAtX=2516.225830
CameraPosZ=26.818090
CameraPosY=-1554.140136
CameraPosX=2513.837158
PickupPosZ=24.144638
PickupPosY=-1555.866821
PickupPosX=2522.726074
VehBuyedPosA=269.900573
VehBuyedPosZ=23.754024
VehBuyedPosY=-1522.970947
VehBuyedPosX=2501.925781
VehAmmount16=0
VehAmmount15=0
VehAmmount14=0
VehAmmount13=0
VehAmmount12=0
VehAmmount11=0
VehAmmount10=15
VehAmmount9=15
VehAmmount8=14
VehAmmount7=15
VehAmmount6=15
VehAmmount5=15
VehAmmount4=15
VehAmmount3=15
VehAmmount2=15
VehAmmount1=15
VehModel16=0
VehModel15=0
VehModel14=0
VehModel13=0
VehModel12=0
VehModel11=0
VehModel10=466
VehModel9=480
VehModel8=496
VehModel7=517
VehModel6=534
VehModel5=559
VehModel4=482
VehModel3=561
VehModel2=603
VehModel1=565
MaxVehModel=10

