IzlogVeh=180
Interior=0
VirtualW=0
CameraLookAtZ=24.291135
CameraLookAtY=-1312.396118
CameraLookAtX=514.610778
CameraPosZ=25.518878
CameraPosY=-1307.660522
CameraPosX=515.643798
PickupPosZ=17.881313
PickupPosY=-1279.829467
PickupPosX=545.150146
VehBuyedPosA=90.418556
VehBuyedPosZ=23.522052
VehBuyedPosY=-1163.073120
VehBuyedPosX=2160.773193
VehAmmount16=0
VehAmmount15=0
VehAmmount14=0
VehAmmount13=0
VehAmmount12=13
VehAmmount11=15
VehAmmount10=15
VehAmmount9=15
VehAmmount8=15
VehAmmount7=15
VehAmmount6=15
VehAmmount5=15
VehAmmount4=15
VehAmmount3=15
VehAmmount2=15
VehAmmount1=12
VehModel16=0
VehModel15=0
VehModel14=0
VehModel13=0
VehModel12=426
VehModel11=415
VehModel10=412
VehModel9=410
VehModel8=405
VehModel7=401
VehModel6=400
VehModel5=500
VehModel4=526
VehModel3=535
VehModel2=567
VehModel1=587
MaxVehModel=12

