Posadio = Johnny_Nelson
Vrsta = 3
Minuti = 0
X = 1799.685180
Y = -1830.261230
Z = 11.990601
tX = 1799.685180
tY = -1830.261230
tZ = 13.390604
Angle = 302.846527
Porasla = 1
