Posadio = Johnny_Nelson
Vrsta = 2
Minuti = 34
X = -1157.765991
Y = -1040.849243
Z = 127.778747
tX = -1157.765991
tY = -1040.849243
tZ = 129.218750
Angle = 329.149353
Porasla = 0
