Posadio = Johnny_Nelson
Vrsta = 2
Minuti = 0
X = 2025.388183
Y = -1729.849365
Z = 12.146870
tX = 2025.388183
tY = -1729.849365
tZ = 13.546875
Angle = 353.082336
Porasla = 1
