Posadio = Johnny_Nelson
Vrsta = 2
Minuti = 0
X = 1796.007812
Y = -1832.530029
Z = 11.990603
tX = 1796.007812
tY = -1832.530029
tZ = 13.390604
Angle = 0.240658
Porasla = 1
