Posadio = Johnny_Nelson
Vrsta = 2
Minuti = 0
X = -1135.938476
Y = -1039.787231
Z = 128.678756
tX = -1135.938476
tY = -1039.787231
tZ = 129.218750
Angle = 263.107849
Porasla = 1
