Posadio = Johnny_Nelson
Vrsta = 1
Minuti = 0
X = 2029.533569
Y = -1729.584106
Z = 12.146870
tX = 2029.533569
tY = -1729.584106
tZ = 13.546875
Angle = 4.049075
Porasla = 1
