Posadio = Johnny_Nelson
Vrsta = 3
Minuti = 0
X = -1135.497802
Y = -1033.355224
Z = 127.818756
tX = -1135.497802
tY = -1033.355224
tZ = 129.218750
Angle = 372.534667
Porasla = 1
