Posadio = Johnny_Nelson
Vrsta = 3
Minuti = 44
X = -1152.807739
Y = -1036.936767
Z = 126.918746
tX = -1152.807739
tY = -1036.936767
tZ = 129.218750
Angle = 401.216613
Porasla = 0
