Posadio = Johnny_Nelson
Vrsta = 3
Minuti = 44
X = -1144.623535
Y = -1034.727539
Z = 126.918746
tX = -1144.623535
tY = -1034.727539
tZ = 129.218750
Angle = 382.874755
Porasla = 0
