ObjRot3=-1.125366
ObjRot2=0.000000
ObjRot1=0.000000
ObjPos3=13.612026
ObjPos2=-1680.208129
ObjPos1=2437.136718

