ObjRot3=180.199798
ObjRot2=0.000000
ObjRot1=0.000000
ObjPos3=13.329064
ObjPos2=-1328.706298
ObjPos1=728.385131

