ObjRot3=272.382263
ObjRot2=0.000000
ObjRot1=0.000000
ObjPos3=23.761138
ObjPos2=-1133.230834
ObjPos1=1427.357421

