ObjRot3=-89.876441
ObjRot2=0.000000
ObjRot1=0.000000
ObjPos3=13.411026
ObjPos2=-1354.373168
ObjPos1=1861.033203

