ObjRot3=270.951019
ObjRot2=0.000000
ObjRot1=0.000000
ObjPos3=13.279047
ObjPos2=-1268.115844
ObjPos1=1366.726196

