ObjRot3=359.544586
ObjRot2=0.000000
ObjRot1=0.000000
ObjPos3=23.710292
ObjPos2=-1140.908081
ObjPos1=1625.886230

