ObjRot3=266.981994
ObjRot2=0.000000
ObjRot1=0.000000
ObjPos3=23.769987
ObjPos2=-1396.844116
ObjPos1=2399.676513

