ObjRot3=0.281053
ObjRot2=0.000000
ObjRot1=0.000000
ObjPos3=13.272589
ObjPos2=-1603.955200
ObjPos1=1995.579956

