ObjRot3=-3.652794
ObjRot2=0.000000
ObjRot1=0.000000
ObjPos3=13.356875
ObjPos2=-1923.904663
ObjPos1=2039.609130

