ObjRot3=0.414894
ObjRot2=0.000000
ObjRot1=0.000000
ObjPos3=13.866872
ObjPos2=-1716.522338
ObjPos1=1466.086303

