ObjRot3=5.880532
ObjRot2=0.000000
ObjRot1=0.000000
ObjPos3=42.984596
ObjPos2=-932.409484
ObjPos1=1174.878784

