ProveraVlasnika = 0
Vlasnik = Niko
UlazX = 2492.126464
UlazY = -1366.201538
UlazZ = 29.313102
IzlazX = 633.750976
IzlazY = -1122.441772
IzlazZ = 23.158300
Level = 5
Cena = 100000
Novac = 0
Int = 1
Zatvoreno = 1
VW = 45
Oruzije = -1
Municija = 0
Neaktivnost = 0
