ProveraVlasnika = 0
Vlasnik = Niko
UlazX = 1252.886718
UlazY = -901.834899
UlazZ = 46.593887
IzlazX = 633.750976
IzlazY = -1122.441772
IzlazZ = 23.158300
Level = 5
Cena = 100000
Novac = 0
Int = 1
Zatvoreno = 1
VW = 8
Oruzije = -1
Municija = 0
Neaktivnost = 0
