ProveraVlasnika = 0
Vlasnik = Niko
UlazX = 2351.006591
UlazY = -1039.784423
UlazZ = 54.335803
IzlazX = 633.750976
IzlazY = -1122.441772
IzlazZ = 23.158300
Level = 5
Cena = 100000
Novac = 0
Int = 1
Zatvoreno = 1
VW = 75
Oruzije = -1
Municija = 0
Neaktivnost = 0
