ProveraVlasnika = 0
Vlasnik = Niko
UlazX = 1280.052978
UlazY = -868.624389
UlazZ = 46.836074
IzlazX = 633.750976
IzlazY = -1122.441772
IzlazZ = 23.158300
Level = 5
Cena = 100000
Novac = 0
Int = 1
Zatvoreno = 1
VW = 15
Oruzije = -1
Municija = 0
Neaktivnost = 0
