ProveraVlasnika = 0
Vlasnik = Niko
UlazX = 2348.105712
UlazY = -1047.562377
UlazZ = 53.865028
IzlazX = 633.750976
IzlazY = -1122.441772
IzlazZ = 23.158300
Level = 5
Cena = 100000
Novac = 0
Int = 1
Zatvoreno = 1
VW = 73
Oruzije = -1
Municija = 0
Neaktivnost = 0
