ProveraVlasnika = 1
Vlasnik = Sweet_Johnson
UlazX = 2172.154052
UlazY = -1819.682006
UlazZ = 16.140663
IzlazX = 633.750976
IzlazY = -1122.441772
IzlazZ = 23.158300
Level = 5
Cena = 40000
Novac = 310000
Int = 1
Zatvoreno = 0
VW = 22
Oruzije = -1
Municija = 0
Neaktivnost = 109
