ProveraVlasnika = 0
Vlasnik = Niko
UlazX = 1445.108032
UlazY = -1311.335815
UlazZ = 13.544197
IzlazX = 633.750976
IzlazY = -1122.441772
IzlazZ = 23.158300
Level = 5
Cena = 40000
Novac = 0
Int = 1
Zatvoreno = 1
VW = 222
Oruzije = -1
Municija = 0
Neaktivnost = 0
