ProveraVlasnika = 1
Vlasnik = Freddy_Matheson
UlazX = 2797.671630
UlazY = -1245.523193
UlazZ = 47.319442
IzlazX = 633.750976
IzlazY = -1122.441772
IzlazZ = 23.158300
Level = 5
Cena = 45000
Novac = 0
Int = 1
Zatvoreno = 1
VW = 5
Oruzije = -1
Municija = 0
Neaktivnost = 384
