ProveraVlasnika = 0
Vlasnik = Niko
UlazX = 1481.088134
UlazY = -1850.834838
UlazZ = 17.208011
IzlazX = 633.750976
IzlazY = -1122.441772
IzlazZ = 23.158300
Level = 5
Cena = 50000
Novac = 0
Int = 1
Zatvoreno = 1
VW = 247
Oruzije = -1
Municija = 0
Neaktivnost = 0
