ProveraVlasnika = 1
Vlasnik = Nikola_Markovic
UlazX = 2155.810791
UlazY = -1815.214355
UlazZ = 13.546913
IzlazX = 633.750976
IzlazY = -1122.441772
IzlazZ = 23.158300
Level = 5
Cena = 40000
Novac = 0
Int = 1
Zatvoreno = 1
VW = 10
Oruzije = -1
Municija = 0
Neaktivnost = 110
