ProveraVlasnika = 0
Vlasnik = Niko
UlazX = 1488.678588
UlazY = -1844.708007
UlazZ = 17.200338
IzlazX = 633.750976
IzlazY = -1122.441772
IzlazZ = 23.158300
Level = 5
Cena = 50000
Novac = 0
Int = 1
Zatvoreno = 1
VW = 250
Oruzije = -1
Municija = 0
Neaktivnost = 0
