ProveraVlasnika = 0
Vlasnik = Niko
UlazX = 1195.683593
UlazY = -1010.962158
UlazZ = 36.226699
IzlazX = 633.750976
IzlazY = -1122.441772
IzlazZ = 23.158300
Level = 5
Cena = 40000
Novac = 0
Int = 1
Zatvoreno = 1
VW = 27
Oruzije = -1
Municija = 0
Neaktivnost = 0
