ProveraVlasnika = 0
Vlasnik = Niko
UlazX = 1508.146850
UlazY = -1151.851562
UlazZ = 24.078125
IzlazX = 633.750976
IzlazY = -1122.441772
IzlazZ = 23.158300
Level = 5
Cena = 60000
Novac = 0
Int = 1
Zatvoreno = 1
VW = 271
Oruzije = -1
Municija = 0
Neaktivnost = 0
