ProveraVlasnika = 1
Vlasnik = Emir_Emconni
UlazX = 1317.247802
UlazY = -1183.487792
UlazZ = 23.601259
IzlazX = 633.750976
IzlazY = -1122.441772
IzlazZ = 23.158300
Level = 5
Cena = 30000
Novac = 0
Int = 1
Zatvoreno = 1
VW = 121
Oruzije = -1
Municija = 0
Neaktivnost = 137
