ProveraVlasnika = 1
Vlasnik = Nikola_White
UlazX = 1341.322998
UlazY = -1675.281005
UlazZ = 17.715686
IzlazX = 633.750976
IzlazY = -1122.441772
IzlazZ = 23.158300
Level = 5
Cena = 40000
Novac = 0
Int = 1
Zatvoreno = 0
VW = 211
Oruzije = 34
Municija = 60
Neaktivnost = 16
