ProveraVlasnika = 0
Vlasnik = Niko
UlazX = 1252.881469
UlazY = -901.832092
UlazZ = 42.882812
IzlazX = 633.750976
IzlazY = -1122.441772
IzlazZ = 23.158300
Level = 5
Cena = 40000
Novac = 0
Int = 1
Zatvoreno = 1
VW = 53
Oruzije = -1
Municija = 0
Neaktivnost = 0
