ProveraVlasnika = 0
Vlasnik = Niko
UlazX = 2469.502929
UlazY = -1955.153564
UlazZ = 13.617893
IzlazX = 633.750976
IzlazY = -1122.441772
IzlazZ = 23.158300
Level = 5
Cena = 40000
Novac = 0
Int = 1
Zatvoreno = 1
VW = 80
Oruzije = -1
Municija = 0
Neaktivnost = 0
