ProveraVlasnika = 0
Vlasnik = Niko
UlazX = 1972.341186
UlazY = -1633.709716
UlazZ = 18.568988
IzlazX = 633.750976
IzlazY = -1122.441772
IzlazZ = 23.158300
Level = 5
Cena = 40000
Novac = 0
Int = 1
Zatvoreno = 1
VW = 115
Oruzije = -1
Municija = 0
Neaktivnost = 0
