ProveraVlasnika = 1
Vlasnik = Felix_Miller
UlazX = 2463.083007
UlazY = -1957.543823
UlazZ = 16.793052
IzlazX = 633.750976
IzlazY = -1122.441772
IzlazZ = 23.158300
Level = 5
Cena = 40000
Novac = 0
Int = 1
Zatvoreno = 1
VW = 81
Oruzije = -1
Municija = 0
Neaktivnost = 109
