ProveraVlasnika = 0
Vlasnik = Niko
UlazX = 1898.580932
UlazY = -1998.061767
UlazZ = 13.546875
IzlazX = 633.750976
IzlazY = -1122.441772
IzlazZ = 23.158300
Level = 5
Cena = 40000
Novac = 0
Int = 1
Zatvoreno = 1
VW = 177
Oruzije = -1
Municija = 0
Neaktivnost = 0
