ProveraVlasnika = 1
Vlasnik = Djordje_Arsic
UlazX = 1413.505371
UlazY = -1696.783447
UlazZ = 13.539484
IzlazX = 633.750976
IzlazY = -1122.441772
IzlazZ = 23.158300
Level = 5
Cena = 40000
Novac = 0
Int = 1
Zatvoreno = 0
VW = 265
Oruzije = -1
Municija = 0
Neaktivnost = 151
