ProveraVlasnika = 0
Vlasnik = Niko
UlazX = 1179.893554
UlazY = -1260.980957
UlazZ = 18.898437
IzlazX = 633.750976
IzlazY = -1122.441772
IzlazZ = 23.158300
Level = 5
Cena = 40000
Novac = 0
Int = 1
Zatvoreno = 1
VW = 96
Oruzije = -1
Municija = 0
Neaktivnost = 0
