ProveraVlasnika = 0
Vlasnik = Niko
UlazX = 1451.193237
UlazY = -1844.499267
UlazZ = 13.546897
IzlazX = 633.750976
IzlazY = -1122.441772
IzlazZ = 23.158300
Level = 5
Cena = 50000
Novac = 0
Int = 1
Zatvoreno = 1
VW = 226
Oruzije = -1
Municija = 0
Neaktivnost = 0
