ProveraVlasnika = 0
Vlasnik = Niko
UlazX = 1976.212890
UlazY = -1633.892822
UlazZ = 16.211059
IzlazX = 633.750976
IzlazY = -1122.441772
IzlazZ = 23.158300
Level = 5
Cena = 40000
Novac = 0
Int = 1
Zatvoreno = 1
VW = 113
Oruzije = -1
Municija = 0
Neaktivnost = 0
