ProveraVlasnika = 0
Vlasnik = Niko
UlazX = 1849.432006
UlazY = -2001.471557
UlazZ = 13.546875
IzlazX = 633.750976
IzlazY = -1122.441772
IzlazZ = 23.158300
Level = 5
Cena = 40000
Novac = 0
Int = 1
Zatvoreno = 1
VW = 159
Oruzije = -1
Municija = 0
Neaktivnost = 0
