ProveraVlasnika = 0
Vlasnik = Niko
UlazX = 921.996643
UlazY = -1803.891723
UlazZ = 13.837651
IzlazX = 633.750976
IzlazY = -1122.441772
IzlazZ = 23.158300
Level = 5
Cena = 40000
Novac = 0
Int = 1
Zatvoreno = 1
VW = 71
Oruzije = -1
Municija = 0
Neaktivnost = 0
