ProveraVlasnika = 1
Vlasnik = Luka_Lazic
UlazX = 2162.618164
UlazY = -1815.226562
UlazZ = 13.546913
IzlazX = 633.750976
IzlazY = -1122.441772
IzlazZ = 23.158300
Level = 5
Cena = 40000
Novac = 0
Int = 1
Zatvoreno = 1
VW = 11
Oruzije = 25
Municija = 60
Neaktivnost = 153
