ProveraVlasnika = 0
Vlasnik = Niko
UlazX = 1288.330810
UlazY = -873.817260
UlazZ = 43.067642
IzlazX = 633.750976
IzlazY = -1122.441772
IzlazZ = 23.158300
Level = 5
Cena = 40000
Novac = 0
Int = 1
Zatvoreno = 1
VW = 40
Oruzije = -1
Municija = 0
Neaktivnost = 0
