ProveraVlasnika = 0
Vlasnik = Niko
UlazX = 1492.279418
UlazY = -1125.975585
UlazZ = 24.078125
IzlazX = 633.750976
IzlazY = -1122.441772
IzlazZ = 23.158300
Level = 5
Cena = 60000
Novac = 0
Int = 1
Zatvoreno = 1
VW = 268
Oruzije = -1
Municija = 0
Neaktivnost = 0
