ProveraVlasnika = 0
Vlasnik = Niko
UlazX = 1978.764770
UlazY = -1671.483764
UlazZ = 16.187622
IzlazX = 633.750976
IzlazY = -1122.441772
IzlazZ = 23.158300
Level = 5
Cena = 40000
Novac = 0
Int = 1
Zatvoreno = 1
VW = 105
Oruzije = -1
Municija = 0
Neaktivnost = 0
