ProveraVlasnika = 0
Vlasnik = Niko
UlazX = 1475.799926
UlazY = -1368.032836
UlazZ = 11.882810
IzlazX = 633.750976
IzlazY = -1122.441772
IzlazZ = 23.158300
Level = 5
Cena = 40000
Novac = 0
Int = 1
Zatvoreno = 1
VW = 218
Oruzije = -1
Municija = 0
Neaktivnost = 0
