ProveraVlasnika = 0
Vlasnik = Niko
UlazX = 1341.322998
UlazY = -1654.535034
UlazZ = 17.719120
IzlazX = 633.750976
IzlazY = -1122.441772
IzlazZ = 23.158300
Level = 5
Cena = 40000
Novac = 0
Int = 1
Zatvoreno = 1
VW = 213
Oruzije = -1
Municija = 0
Neaktivnost = 0
