ProveraVlasnika = 0
Vlasnik = Niko
UlazX = 2472.805664
UlazY = -1958.741333
UlazZ = 13.581089
IzlazX = 633.750976
IzlazY = -1122.441772
IzlazZ = 23.158300
Level = 5
Cena = 40000
Novac = 0
Int = 1
Zatvoreno = 1
VW = 79
Oruzije = -1
Municija = 0
Neaktivnost = 0
