ProveraVlasnika = 1
Vlasnik = Aleksa_Rolex
UlazX = 2164.907226
UlazY = -1819.696411
UlazZ = 16.140663
IzlazX = 633.750976
IzlazY = -1122.441772
IzlazZ = 23.158300
Level = 5
Cena = 40000
Novac = 0
Int = 1
Zatvoreno = 1
VW = 24
Oruzije = -1
Municija = 0
Neaktivnost = 111
