ProveraVlasnika = 0
Vlasnik = Niko
UlazX = 958.264953
UlazY = -1809.221679
UlazZ = 13.881239
IzlazX = 633.750976
IzlazY = -1122.441772
IzlazZ = 23.158300
Level = 5
Cena = 40000
Novac = 0
Int = 1
Zatvoreno = 1
VW = 69
Oruzije = -1
Municija = 0
Neaktivnost = 0
