ProveraVlasnika = 1
Vlasnik = Aleksandar_Vlacic
UlazX = 1396.984741
UlazY = -1570.125000
UlazZ = 14.270501
IzlazX = 633.750976
IzlazY = -1122.441772
IzlazZ = 23.158300
Level = 2
Cena = 50000
Novac = 0
Int = 1
Zatvoreno = 1
VW = 217
Oruzije = -1
Municija = 0
Neaktivnost = 115
