ProveraVlasnika = 0
Vlasnik = Niko
UlazX = 1249.627563
UlazY = -877.426879
UlazZ = 46.640625
IzlazX = 633.750976
IzlazY = -1122.441772
IzlazZ = 23.158300
Level = 5
Cena = 40000
Novac = 0
Int = 1
Zatvoreno = 1
VW = 64
Oruzije = -1
Municija = 0
Neaktivnost = 0
