ProveraVlasnika = 1
Vlasnik = Djole_White
UlazX = 2176.365234
UlazY = -1815.217041
UlazZ = 13.546913
IzlazX = 633.750976
IzlazY = -1122.441772
IzlazZ = 23.158300
Level = 5
Cena = 40000
Novac = 45020
Int = 1
Zatvoreno = 1
VW = 14
Oruzije = 34
Municija = 20
Neaktivnost = 138
