ProveraVlasnika = 1
Vlasnik = Djomla_White
UlazX = 2185.794189
UlazY = -1815.226928
UlazZ = 13.546913
IzlazX = 633.750976
IzlazY = -1122.441772
IzlazZ = 23.158300
Level = 5
Cena = 40000
Novac = 0
Int = 1
Zatvoreno = 1
VW = 17
Oruzije = -1
Municija = -1
Neaktivnost = 109
