ProveraVlasnika = 0
Vlasnik = Niko
UlazX = 1187.350341
UlazY = -1254.718627
UlazZ = 15.179684
IzlazX = 633.750976
IzlazY = -1122.441772
IzlazZ = 23.158300
Level = 5
Cena = 40000
Novac = 0
Int = 1
Zatvoreno = 1
VW = 92
Oruzije = -1
Municija = 0
Neaktivnost = 0
