ProveraVlasnika = 1
Vlasnik = Veljko_Black
UlazX = 2151.215087
UlazY = -1807.845947
UlazZ = 13.546422
IzlazX = 633.750976
IzlazY = -1122.441772
IzlazZ = 23.158300
Level = 5
Cena = 40000
Novac = 0
Int = 1
Zatvoreno = 1
VW = 7
Oruzije = -1
Municija = 0
Neaktivnost = 110
