ProveraVlasnika = 0
Vlasnik = Niko
UlazX = 1234.732910
UlazY = -1016.167419
UlazZ = 36.335937
IzlazX = 633.750976
IzlazY = -1122.441772
IzlazZ = 23.158300
Level = 5
Cena = 40000
Novac = 0
Int = 1
Zatvoreno = 1
VW = 3
Oruzije = -1
Municija = 0
Neaktivnost = 0
