ProveraVlasnika = 0
Vlasnik = Niko
UlazX = 2515.431396
UlazY = -1957.551269
UlazZ = 16.793176
IzlazX = 633.750976
IzlazY = -1122.441772
IzlazZ = 23.158300
Level = 5
Cena = 40000
Novac = 0
Int = 1
Zatvoreno = 1
VW = 88
Oruzije = -1
Municija = 0
Neaktivnost = 0
