ProveraVlasnika = 0
Vlasnik = Niko
UlazX = 1906.064453
UlazY = -2040.850463
UlazZ = 13.546875
IzlazX = 633.750976
IzlazY = -1122.441772
IzlazZ = 23.158300
Level = 5
Cena = 40000
Novac = 0
Int = 1
Zatvoreno = 1
VW = 188
Oruzije = -1
Municija = 0
Neaktivnost = 0
