ProveraVlasnika = 0
Vlasnik = Niko
UlazX = 1291.801879
UlazY = -903.040893
UlazZ = 46.632812
IzlazX = 633.750976
IzlazY = -1122.441772
IzlazZ = 23.158300
Level = 5
Cena = 100000
Novac = 0
Int = 1
Zatvoreno = 1
VW = 19
Oruzije = -1
Municija = 0
Neaktivnost = 0
