ProveraVlasnika = 0
Vlasnik = Niko
UlazX = 1233.931518
UlazY = -1010.054687
UlazZ = 36.328262
IzlazX = 633.750976
IzlazY = -1122.441772
IzlazZ = 23.158300
Level = 5
Cena = 100000
Novac = 0
Int = 1
Zatvoreno = 1
VW = 29
Oruzije = -1
Municija = 0
Neaktivnost = 0
