ProveraVlasnika = 0
Vlasnik = Niko
UlazX = 2517.865722
UlazY = -965.553710
UlazZ = 82.328369
IzlazX = 633.750976
IzlazY = -1122.441772
IzlazZ = 23.158300
Level = 5
Cena = 100000
Novac = 0
Int = 1
Zatvoreno = 1
VW = 80
Oruzije = -1
Municija = 0
Neaktivnost = 0
