ProveraVlasnika = 0
Vlasnik = Niko
UlazX = 1196.508911
UlazY = -1017.194396
UlazZ = 36.234375
IzlazX = 633.750976
IzlazY = -1122.441772
IzlazZ = 23.158300
Level = 5
Cena = 100000
Novac = 0
Int = 1
Zatvoreno = 1
VW = 25
Oruzije = -1
Municija = 0
Neaktivnost = 0
