ProveraVlasnika = 0
Vlasnik = Niko
UlazX = 1249.604736
UlazY = -877.296813
UlazZ = 46.640625
IzlazX = 633.750976
IzlazY = -1122.441772
IzlazZ = 23.158300
Level = 5
Cena = 100000
Novac = 0
Int = 1
Zatvoreno = 1
VW = 12
Oruzije = -1
Municija = 0
Neaktivnost = 0
