ProveraVlasnika = 0
Vlasnik = Niko
UlazX = 2587.393310
UlazY = -1216.324340
UlazZ = 55.114364
IzlazX = 633.750976
IzlazY = -1122.441772
IzlazZ = 23.158300
Level = 5
Cena = 100000
Novac = 0
Int = 1
Zatvoreno = 1
VW = 59
Oruzije = -1
Municija = 0
Neaktivnost = 0
