ProveraVlasnika = 0
Vlasnik = Niko
UlazX = 2476.253173
UlazY = -1376.268066
UlazZ = 29.313102
IzlazX = 633.750976
IzlazY = -1122.441772
IzlazZ = 23.158300
Level = 5
Cena = 100000
Novac = 0
Int = 1
Zatvoreno = 1
VW = 40
Oruzije = -1
Municija = 0
Neaktivnost = 0
