ProveraVlasnika = 0
Vlasnik = Niko
UlazX = 1253.708740
UlazY = -908.079345
UlazZ = 46.601562
IzlazX = 633.750976
IzlazY = -1122.441772
IzlazZ = 23.158300
Level = 5
Cena = 100000
Novac = 0
Int = 1
Zatvoreno = 1
VW = 9
Oruzije = -1
Municija = 0
Neaktivnost = 0
