ProveraVlasnika = 0
Vlasnik = Niko
UlazX = 2355.705322
UlazY = -1058.830322
UlazZ = 54.077991
IzlazX = 633.750976
IzlazY = -1122.441772
IzlazZ = 23.158300
Level = 5
Cena = 100000
Novac = 0
Int = 1
Zatvoreno = 1
VW = 74
Oruzije = -1
Municija = 0
Neaktivnost = 0
