dDrvoX = 2283.310791
dDrvoY = -1443.553222
dDrvoZ = 21.466703
dVrsta = 1
dRast = 11
dRastVoca = 0
dPostavljeno = 1
dIDImanja = 0
