Lokacija_Z=35.473609
Lokacija_Y=-922.210083
Lokacija_X=1342.303710

