Lokacija_Z=13.549062
Lokacija_Y=-1248.995727
Lokacija_X=1365.009399

