Lokacija_Z=13.557486
Lokacija_Y=-1529.815429
Lokacija_X=1296.514648

