Lokacija_Z=13.550937
Lokacija_Y=-1843.619750
Lokacija_X=1289.883422

