Lokacija_Z=13.546875
Lokacija_Y=-1612.900878
Lokacija_X=826.835754

