Lokacija_Z=13.546875
Lokacija_Y=-1584.608520
Lokacija_X=924.259826

