Lokacija_Z=13.546875
Lokacija_Y=-1738.068481
Lokacija_X=924.896179

