Lokacija_Z=20.417718
Lokacija_Y=-1168.930908
Lokacija_X=1956.009643

