Lokacija_Z=129.218750
Lokacija_Y=-1223.874023
Lokacija_X=-1065.071289

