Lokacija_Z=-43.160137
Lokacija_Y=849.788146
Lokacija_X=598.792297

