Lokacija_Z=13.553834
Lokacija_Y=-2101.158447
Lokacija_X=2420.954101

