Lokacija_Z=13.546875
Lokacija_Y=-1724.367065
Lokacija_X=1484.182983

