Lokacija_Z=1.084687
Lokacija_Y=-1115.922851
Lokacija_X=-78.887847

