Lokacija_Z=127.684387
Lokacija_Y=-645.576599
Lokacija_X=2367.618408

