Lokacija_Z=13.546875
Lokacija_Y=-2281.185546
Lokacija_X=2186.679443

