Lokacija_Z=37.140625
Lokacija_Y=158.322372
Lokacija_X=1901.770874

