Lokacija_Z=13.554788
Lokacija_Y=-1325.569824
Lokacija_X=1839.275756

