Lokacija_Z=13.546875
Lokacija_Y=-2335.412597
Lokacija_X=1898.344116

