Lokacija_Z=13.554208
Lokacija_Y=-2174.259521
Lokacija_X=1950.430908

