Lokacija_Z=13.546875
Lokacija_Y=-1912.103515
Lokacija_X=2406.520996

