Lokacija_Z=13.538179
Lokacija_Y=-1940.044677
Lokacija_X=2074.908203

