Lokacija_Z=13.570352
Lokacija_Y=-1862.348632
Lokacija_X=1813.352539

