Lokacija_Z=23.828125
Lokacija_Y=-1041.830688
Lokacija_X=1469.144531

