Lokacija_Z=13.583404
Lokacija_Y=-1652.078125
Lokacija_X=2334.796386

