Lokacija_Z=10.910829
Lokacija_Y=-1665.860717
Lokacija_X=2650.885986

