Lokacija_Z=25.804483
Lokacija_Y=-1137.734863
Lokacija_X=2210.719970

