Lokacija_Z=13.546875
Lokacija_Y=-1433.146606
Lokacija_X=1462.744750

