Lokacija_Z=13.554687
Lokacija_Y=-1986.685668
Lokacija_X=2760.720703

