Lokacija_Z=13.904615
Lokacija_Y=-1825.228271
Lokacija_X=1026.797607

