Lokacija_Z=23.420343
Lokacija_Y=-1058.004394
Lokacija_X=2829.929443

