Lokacija_Z=13.546875
Lokacija_Y=-2203.658203
Lokacija_X=1466.558227

