Lokacija_Z=12.782505
Lokacija_Y=-2352.446533
Lokacija_X=1170.748535

