Lokacija_Z=23.828125
Lokacija_Y=-1173.168823
Lokacija_X=1759.344604

