Lokacija_Z=42.642021
Lokacija_Y=-948.576660
Lokacija_X=1032.649291

