Lokacija_Z=24.031597
Lokacija_Y=-1510.692382
Lokacija_X=2547.608886

