Lokacija_Z=16.226991
Lokacija_Y=-1252.674804
Lokacija_X=515.204833

