Lokacija_Z=13.546875
Lokacija_Y=-1311.881103
Lokacija_X=932.068786

