Lokacija_Z=2.158200
Lokacija_Y=-1906.227539
Lokacija_X=585.028320

