Lokacija_Z=23.823982
Lokacija_Y=-1169.251098
Lokacija_X=1462.788940

