Lokacija_Z=13.632812
Lokacija_Y=-2417.855957
Lokacija_X=2751.190673

