Lokacija_Z=13.648437
Lokacija_Y=-2653.891113
Lokacija_X=2471.343017

