Lokacija_Z=480.828857
Lokacija_Y=-1740.970214
Lokacija_X=-2235.999023

