Lokacija_Z=26.484375
Lokacija_Y=49.340797
Lokacija_X=2215.314697

