Lokacija_Z=13.554687
Lokacija_Y=-1453.785156
Lokacija_X=1995.232299

