Lokacija_Z=14.572113
Lokacija_Y=-1634.147827
Lokacija_X=185.871810

