Lokacija_Z=4.888596
Lokacija_Y=-1519.604248
Lokacija_X=85.689865

