Lokacija_Z=25.476562
Lokacija_Y=-1574.263427
Lokacija_X=435.584472

