Lokacija_Z=13.513161
Lokacija_Y=-1288.296508
Lokacija_X=1271.619262

