Lokacija_Z=13.570312
Lokacija_Y=-1340.089355
Lokacija_X=1187.916748

