ProveraVlasnika = 0
Vlasnik = Niko
Vrsta = Velika Kuca
UlazX = 2002.244018
UlazY = -1594.595947
UlazZ = 13.576675
IzlazX = 2317.897705
IzlazY = -1025.772216
IzlazZ = 1050.210937
Level = 9
Cena = 230000
Novac = 0
Interior = 9
Zatvoreno = 1
VW = 15
Oruzije = -1
Municija = 0
Rent = 0
CenaRenta = 50
Zvono = 0
Heal = 0
Mats = 0
Cannabis = 0
Kokain = 0
Odjeca = 0
VrstaIntKuce = 3
Hrana = 0
Neaktivnost = 0
