ProveraVlasnika = 0
Vlasnik = Niko
UlazX = 1179.813232
UlazY = -1254.826782
UlazZ = 18.890762
IzlazX = 633.750976
IzlazY = -1122.441772
IzlazZ = 23.158300
Level = 5
Cena = 40000
Novac = 0
Int = 1
Zatvoreno = 1
VW = 94
Oruzije = -1
Municija = 0
Neaktivnost = 0
