ProveraVlasnika = 1
Vlasnik = Pedja_Kolasinac
UlazX = 1411.536254
UlazY = -1699.559814
UlazZ = 13.539484
IzlazX = 633.750976
IzlazY = -1122.441772
IzlazZ = 23.158300
Level = 5
Cena = 40000
Novac = 0
Int = 1
Zatvoreno = 1
VW = 264
Oruzije = -1
Municija = -1
Neaktivnost = 368
