ProveraVlasnika = 0
Vlasnik = Niko
UlazX = 2152.100830
UlazY = -1819.693603
UlazZ = 16.140663
IzlazX = 633.750976
IzlazY = -1122.441772
IzlazZ = 23.158300
Level = 5
Cena = 40000
Novac = 0
Int = 1
Zatvoreno = 1
VW = 28
Oruzije = -1
Municija = 0
Neaktivnost = 0
