ProveraVlasnika = 0
Vlasnik = Niko
UlazX = 1969.247924
UlazY = -1654.669067
UlazZ = 15.968750
IzlazX = 633.750976
IzlazY = -1122.441772
IzlazZ = 23.158300
Level = 5
Cena = 40000
Novac = 0
Int = 1
Zatvoreno = 1
VW = 117
Oruzije = -1
Municija = 0
Neaktivnost = 0
