ProveraVlasnika = 0
Vlasnik = Niko
UlazX = 1280.875122
UlazY = -874.899169
UlazZ = 46.843750
IzlazX = 633.750976
IzlazY = -1122.441772
IzlazZ = 23.158300
Level = 5
Cena = 40000
Novac = 0
Int = 1
Zatvoreno = 1
VW = 42
Oruzije = -1
Municija = 0
Neaktivnost = 0
