ProveraVlasnika = 0
Vlasnik = Niko
UlazX = 2485.379150
UlazY = -1958.749511
UlazZ = 13.581019
IzlazX = 633.750976
IzlazY = -1122.441772
IzlazZ = 23.158300
Level = 5
Cena = 40000
Novac = 0
Int = 1
Zatvoreno = 1
VW = 77
Oruzije = -1
Municija = 0
Neaktivnost = 0
