ProveraVlasnika = 0
Vlasnik = Niko
UlazX = 1511.475341
UlazY = -1844.578369
UlazZ = 17.200336
IzlazX = 633.750976
IzlazY = -1122.441772
IzlazZ = 23.158300
Level = 5
Cena = 50000
Novac = 0
Int = 1
Zatvoreno = 1
VW = 254
Oruzije = -1
Municija = 0
Neaktivnost = 0
