ProveraVlasnika = 0
Vlasnik = Niko
UlazX = 1196.492187
UlazY = -1017.079345
UlazZ = 32.546875
IzlazX = 633.750976
IzlazY = -1122.441772
IzlazZ = 23.158300
Level = 5
Cena = 40000
Novac = 0
Int = 1
Zatvoreno = 1
VW = 19
Oruzije = -1
Municija = 0
Neaktivnost = 0
