ProveraVlasnika = 0
Vlasnik = Niko
UlazX = 1510.401123
UlazY = -1060.957031
UlazZ = 25.062500
IzlazX = 633.750976
IzlazY = -1122.441772
IzlazZ = 23.158300
Level = 5
Cena = 60000
Novac = 0
Int = 1
Zatvoreno = 1
VW = 276
Oruzije = -1
Municija = 0
Neaktivnost = 0
