ProveraVlasnika = 0
Vlasnik = Niko
UlazX = 1974.896484
UlazY = -1671.193481
UlazZ = 18.545551
IzlazX = 633.750976
IzlazY = -1122.441772
IzlazZ = 23.158300
Level = 5
Cena = 40000
Novac = 0
Int = 1
Zatvoreno = 1
VW = 109
Oruzije = -1
Municija = 0
Neaktivnost = 0
