ProveraVlasnika = 0
Vlasnik = Niko
UlazX = 1233.921875
UlazY = -1010.033020
UlazZ = 32.601562
IzlazX = 633.750976
IzlazY = -1122.441772
IzlazZ = 23.158300
Level = 5
Cena = 40000
Novac = 0
Int = 1
Zatvoreno = 1
VW = 8
Oruzije = -1
Municija = 0
Neaktivnost = 0
