ProveraVlasnika = 0
Vlasnik = Niko
UlazX = 1241.326171
UlazY = -872.148559
UlazZ = 46.632949
IzlazX = 633.750976
IzlazY = -1122.441772
IzlazZ = 23.158300
Level = 5
Cena = 40000
Novac = 0
Int = 1
Zatvoreno = 1
VW = 66
Oruzije = -1
Municija = 0
Neaktivnost = 0
