ProveraVlasnika = 0
Vlasnik = Niko
UlazX = 1546.263671
UlazY = -1096.842041
UlazZ = 25.062500
IzlazX = 633.750976
IzlazY = -1122.441772
IzlazZ = 23.158300
Level = 5
Cena = 60000
Novac = 0
Int = 1
Zatvoreno = 1
VW = 280
Oruzije = -1
Municija = 0
Neaktivnost = 0
