ProveraVlasnika = 0
Vlasnik = Niko
UlazX = 1341.322753
UlazY = -1629.003051
UlazZ = 17.732614
IzlazX = 633.750976
IzlazY = -1122.441772
IzlazZ = 23.158300
Level = 5
Cena = 40000
Novac = 0
Int = 1
Zatvoreno = 1
VW = 216
Oruzije = -1
Municija = 0
Neaktivnost = 0
