ProveraVlasnika = 0
Vlasnik = Niko
UlazX = 1234.737060
UlazY = -1016.176025
UlazZ = 32.606651
IzlazX = 633.750976
IzlazY = -1122.441772
IzlazZ = 23.158300
Level = 5
Cena = 40000
Novac = 0
Int = 1
Zatvoreno = 1
VW = 1
Oruzije = -1
Municija = 0
Neaktivnost = 0
