ProveraVlasnika = 0
Vlasnik = Niko
UlazX = 2499.460693
UlazY = -1958.746337
UlazZ = 13.581047
IzlazX = 633.750976
IzlazY = -1122.441772
IzlazZ = 23.158300
Level = 5
Cena = 40000
Novac = 0
Int = 1
Zatvoreno = 1
VW = 75
Oruzije = -1
Municija = 0
Neaktivnost = 0
