ProveraVlasnika = 0
Vlasnik = Niko
UlazX = 1341.324829
UlazY = -1669.462646
UlazZ = 17.717115
IzlazX = 633.750976
IzlazY = -1122.441772
IzlazZ = 23.158300
Level = 5
Cena = 40000
Novac = 0
Int = 1
Zatvoreno = 1
VW = 212
Oruzije = -1
Municija = 0
Neaktivnost = 0
