ProveraVlasnika = 1
Vlasnik = Rajcha_Makaveli
UlazX = 1409.631958
UlazY = -1702.452636
UlazZ = 13.539484
IzlazX = 633.750976
IzlazY = -1122.441772
IzlazZ = 23.158300
Level = 5
Cena = 40000
Novac = 0
Int = 1
Zatvoreno = 1
VW = 263
Oruzije = -1
Municija = 0
Neaktivnost = 111
