ProveraVlasnika = 1
Vlasnik = Kleni_Schwarz
UlazX = 1526.470092
UlazY = -1182.630004
UlazZ = 23.990755
IzlazX = 633.750976
IzlazY = -1122.441772
IzlazZ = 23.158300
Level = 5
Cena = 60000
Novac = 0
Int = 1
Zatvoreno = 1
VW = 281
Oruzije = -1
Municija = 0
Neaktivnost = 110
