ProveraVlasnika = 0
Vlasnik = Niko
UlazX = 1967.393554
UlazY = -1633.710449
UlazZ = 18.568988
IzlazX = 633.750976
IzlazY = -1122.441772
IzlazZ = 23.158300
Level = 5
Cena = 40000
Novac = 0
Int = 1
Zatvoreno = 1
VW = 114
Oruzije = -1
Municija = 0
Neaktivnost = 0
