ProveraVlasnika = 1
Vlasnik = Sasa_Simic
UlazX = 2151.054931
UlazY = -1815.070678
UlazZ = 13.549872
IzlazX = 633.750976
IzlazY = -1122.441772
IzlazZ = 23.158300
Level = 5
Cena = 40000
Novac = 0
Int = 1
Zatvoreno = 1
VW = 9
Oruzije = -1
Municija = 0
Neaktivnost = 110
