ProveraVlasnika = 0
Vlasnik = Niko
UlazX = 1428.471069
UlazY = -1844.640991
UlazZ = 17.200336
IzlazX = 633.750976
IzlazY = -1122.441772
IzlazZ = 23.158300
Level = 5
Cena = 50000
Novac = 0
Int = 1
Zatvoreno = 1
VW = 227
Oruzije = -1
Municija = 0
Neaktivnost = 0
