ProveraVlasnika = 0
Vlasnik = Niko
UlazX = 1187.361572
UlazY = -1227.098022
UlazZ = 18.554687
IzlazX = 633.750976
IzlazY = -1122.441772
IzlazZ = 23.158300
Level = 5
Cena = 40000
Novac = 0
Int = 1
Zatvoreno = 1
VW = 99
Oruzije = -1
Municija = 0
Neaktivnost = 0
