ProveraVlasnika = 0
Vlasnik = Niko
UlazX = 1817.343261
UlazY = -2005.541015
UlazZ = 13.554393
IzlazX = 633.750976
IzlazY = -1122.441772
IzlazZ = 23.158300
Level = 5
Cena = 40000
Novac = 0
Int = 1
Zatvoreno = 1
VW = 210
Oruzije = -1
Municija = 0
Neaktivnost = 0
