ProveraVlasnika = 1
Vlasnik = Uros_Vasiljevic
UlazX = 2151.071777
UlazY = -1789.144042
UlazZ = 13.509344
IzlazX = 633.750976
IzlazY = -1122.441772
IzlazZ = 23.158300
Level = 5
Cena = 40000
Novac = 0
Int = 1
Zatvoreno = 1
VW = 62
Oruzije = -1
Municija = 0
Neaktivnost = 111
