ProveraVlasnika = 1
Vlasnik = Luka_Arsic
UlazX = 2192.378173
UlazY = -1815.224243
UlazZ = 13.546913
IzlazX = 633.750976
IzlazY = -1122.441772
IzlazZ = 23.158300
Level = 5
Cena = 40000
Novac = 0
Int = 1
Zatvoreno = 1
VW = 18
Oruzije = -1
Municija = -1
Neaktivnost = 110
