ProveraVlasnika = 0
Vlasnik = Niko
UlazX = 1505.929809
UlazY = -1060.775268
UlazZ = 25.062500
IzlazX = 633.750976
IzlazY = -1122.441772
IzlazZ = 23.158300
Level = 5
Cena = 60000
Novac = 0
Int = 1
Zatvoreno = 1
VW = 275
Oruzije = -1
Municija = 0
Neaktivnost = 0
