ProveraVlasnika = 0
Vlasnik = Niko
UlazX = 1188.199462
UlazY = -1011.941040
UlazZ = 32.546875
IzlazX = 633.750976
IzlazY = -1122.441772
IzlazZ = 23.158300
Level = 5
Cena = 40000
Novac = 0
Int = 1
Zatvoreno = 1
VW = 15
Oruzije = -1
Municija = 0
Neaktivnost = 0
