ProveraVlasnika = 0
Vlasnik = Niko
UlazX = 1409.171508
UlazY = -1732.101440
UlazZ = 13.390607
IzlazX = 633.750976
IzlazY = -1122.441772
IzlazZ = 23.158300
Level = 5
Cena = 30000
Novac = 0
Int = 1
Zatvoreno = 1
VW = 282
Oruzije = -1
Municija = 0
Neaktivnost = 0
