ProveraVlasnika = 0
Vlasnik = Niko
UlazX = 910.493835
UlazY = -1802.700195
UlazZ = 13.800566
IzlazX = 633.750976
IzlazY = -1122.441772
IzlazZ = 23.158300
Level = 5
Cena = 40000
Novac = 0
Int = 1
Zatvoreno = 1
VW = 72
Oruzije = -1
Municija = 0
Neaktivnost = 0
