ProveraVlasnika = 0
Vlasnik = Niko
UlazX = 2478.879150
UlazY = -1963.304199
UlazZ = 16.757812
IzlazX = 633.750976
IzlazY = -1122.441772
IzlazZ = 23.158300
Level = 5
Cena = 40000
Novac = 0
Int = 1
Zatvoreno = 1
VW = 83
Oruzije = -1
Municija = 0
Neaktivnost = 0
