ProveraVlasnika = 0
Vlasnik = Niko
UlazX = 1895.529663
UlazY = -2021.387695
UlazZ = 13.546875
IzlazX = 633.750976
IzlazY = -1122.441772
IzlazZ = 23.158300
Level = 5
Cena = 40000
Novac = 0
Int = 1
Zatvoreno = 1
VW = 167
Oruzije = -1
Municija = 0
Neaktivnost = 0
