ProveraVlasnika = 0
Vlasnik = Niko
UlazX = 2493.197998
UlazY = -1963.314453
UlazZ = 16.757812
IzlazX = 633.750976
IzlazY = -1122.441772
IzlazZ = 23.158300
Level = 5
Cena = 40000
Novac = 0
Int = 1
Zatvoreno = 1
VW = 85
Oruzije = -1
Municija = 0
Neaktivnost = 0
