ProveraVlasnika = 0
Vlasnik = Niko
UlazX = 1976.200805
UlazY = -1634.020019
UlazZ = 18.568988
IzlazX = 633.750976
IzlazY = -1122.441772
IzlazZ = 23.158300
Level = 5
Cena = 40000
Novac = 0
Int = 1
Zatvoreno = 1
VW = 116
Oruzije = -1
Municija = 0
Neaktivnost = 0
