ProveraVlasnika = 0
Vlasnik = Niko
UlazX = 1187.434082
UlazY = -1233.219482
UlazZ = 22.140625
IzlazX = 633.750976
IzlazY = -1122.441772
IzlazZ = 23.158300
Level = 5
Cena = 40000
Novac = 0
Int = 1
Zatvoreno = 1
VW = 102
Oruzije = -1
Municija = 0
Neaktivnost = 0
