ProveraVlasnika = 0
Vlasnik = Niko
UlazX = 1518.406494
UlazY = -1850.950073
UlazZ = 17.208011
IzlazX = 633.750976
IzlazY = -1122.441772
IzlazZ = 23.158300
Level = 5
Cena = 50000
Novac = 0
Int = 1
Zatvoreno = 1
VW = 251
Oruzije = -1
Municija = 0
Neaktivnost = 0
