ProveraVlasnika = 0
Vlasnik = Niko
UlazX = 2508.968750
UlazY = -1955.238403
UlazZ = 13.617188
IzlazX = 633.750976
IzlazY = -1122.441772
IzlazZ = 23.158300
Level = 5
Cena = 40000
Novac = 0
Int = 1
Zatvoreno = 1
VW = 73
Oruzije = -1
Municija = 0
Neaktivnost = 0
