ProveraVlasnika = 0
Vlasnik = Niko
UlazX = 1245.418945
UlazY = -902.838562
UlazZ = 46.593887
IzlazX = 633.750976
IzlazY = -1122.441772
IzlazZ = 23.158300
Level = 5
Cena = 40000
Novac = 0
Int = 1
Zatvoreno = 1
VW = 57
Oruzije = -1
Municija = 0
Neaktivnost = 0
