ProveraVlasnika = 0
Vlasnik = Niko
UlazX = 1475.791992
UlazY = -1353.379516
UlazZ = 11.882810
IzlazX = 633.750976
IzlazY = -1122.441772
IzlazZ = 23.158300
Level = 5
Cena = 40000
Novac = 0
Int = 1
Zatvoreno = 1
VW = 220
Oruzije = -1
Municija = 0
Neaktivnost = 0
