ProveraVlasnika = 0
Vlasnik = Niko
UlazX = 1532.456420
UlazY = -1151.710693
UlazZ = 24.070329
IzlazX = 633.750976
IzlazY = -1122.441772
IzlazZ = 23.158300
Level = 5
Cena = 60000
Novac = 0
Int = 1
Zatvoreno = 1
VW = 273
Oruzije = -1
Municija = 0
Neaktivnost = 0
