ProveraVlasnika = 1
Vlasnik = Ray_Tyrax
UlazX = 933.841979
UlazY = -1805.190795
UlazZ = 13.843436
IzlazX = 633.750976
IzlazY = -1122.441772
IzlazZ = 23.158300
Level = 5
Cena = 40000
Novac = 0
Int = 1
Zatvoreno = 0
VW = 70
Oruzije = -1
Municija = 0
Neaktivnost = 110
