[Informacije]
ReketTime=0.000000
Reket=-1
Facture=100
Neaktivnost=0
JobID=0
Level=999
Ime=FG Shisha Bar
Uvw=1
Uinterioru=0
VW=0
Int=0
IzasaoZ=0.000000
IzasaoY=0.000000
IzasaoX=0.000000
UlazZ=13.546875
UlazY=-1341.340332
UlazX=1370.347290
Novac=0
Zakljucana=1
Tip=2
Vlasnik=Drzava
Cena=150000
Kupljen=0

