[Informacije]
ReketTime=0.000000
Reket=-1
Facture=100
Neaktivnost=0
JobID=0
Level=5
Ime=Trafika
Uvw=10
Uinterioru=0
VW=0
Int=0
IzasaoZ=0.000000
IzasaoY=0.000000
IzasaoX=0.000000
UlazZ=26.935003
UlazY=-1053.619995
UlazX=1377.115478
Novac=3814634
Zakljucana=0
Tip=17
Vlasnik=Drzava
Cena=2500000
Kupljen=0

