[Informacije]
ReketTime=0.000000
Reket=-1
Facture=100
Neaktivnost=0
JobID=0
Level=5
Ime=Trafika
Uvw=13
Uinterioru=0
VW=0
Int=0
IzasaoZ=0.000000
IzasaoY=0.000000
IzasaoX=0.000000
UlazZ=43.120292
UlazY=-935.836791
UlazX=1145.547363
Novac=0
Zakljucana=1
Tip=17
Vlasnik=Drzava
Cena=1000000
Kupljen=0

