[Informacije]
ReketTime=0.000000
Reket=-1
Facture=23
Neaktivnost=0
JobID=0
Level=5
Ime=Trafika
Uvw=14
Uinterioru=0
VW=0
Int=0
IzasaoZ=0.000000
IzasaoY=0.000000
IzasaoX=0.000000
UlazZ=13.640722
UlazY=-1830.684814
UlazX=1063.987060
Novac=1337
Zakljucana=0
Tip=17
Vlasnik=Drzava
Cena=200000
Kupljen=0

