[Informacije]
ReketTime=0.000000
Reket=-1
Facture=100
Neaktivnost=0
JobID=0
Level=5
Ime=Trafika
Uvw=15
Uinterioru=0
VW=0
Int=0
IzasaoZ=0.000000
IzasaoY=0.000000
IzasaoX=0.000000
UlazZ=13.572543
UlazY=-1355.144042
UlazX=1213.982788
Novac=29650
Zakljucana=0
Tip=17
Vlasnik=Drzava
Cena=200000
Kupljen=0

