[Informacije]
ReketTime=0.000000
Reket=-1
Facture=122
Neaktivnost=0
JobID=0
Level=5
Ime=Trafika
Uvw=16
Uinterioru=0
VW=0
Int=0
IzasaoZ=0.000000
IzasaoY=0.000000
IzasaoX=0.000000
UlazZ=13.544423
UlazY=-1453.137329
UlazX=1871.482543
Novac=1489
Zakljucana=0
Tip=17
Vlasnik=Drzava
Cena=200000
Kupljen=0

