[Informacije]
ReketTime=0.000000
Reket=-1
Facture=100
Neaktivnost=0
JobID=0
Level=5
Ime=Trafika
Uvw=17
Uinterioru=0
VW=0
Int=0
IzasaoZ=0.000000
IzasaoY=0.000000
IzasaoX=0.000000
UlazZ=13.546875
UlazY=-1714.415283
UlazX=1415.745605
Novac=258000
Zakljucana=0
Tip=17
Vlasnik=Drzava
Cena=1000000
Kupljen=0

