[Informacije]
ReketTime=0.000000
Reket=-1
Facture=102
Neaktivnost=0
JobID=0
Level=5
Ime=Trafika
Uvw=18
Uinterioru=0
VW=0
Int=0
IzasaoZ=0.000000
IzasaoY=0.000000
IzasaoX=0.000000
UlazZ=13.546875
UlazY=-1849.763305
UlazX=2074.460205
Novac=5000
Zakljucana=0
Tip=17
Vlasnik=Drzava
Cena=200000
Kupljen=0

