[Informacije]
ReketTime=0.000000
Reket=-1
Facture=37
Neaktivnost=0
JobID=0
Level=5
Ime=Trafika
Uvw=19
Uinterioru=0
VW=0
Int=0
IzasaoZ=0.000000
IzasaoY=0.000000
IzasaoX=0.000000
UlazZ=15.021265
UlazY=-1671.672973
UlazX=2282.014404
Novac=267300
Zakljucana=0
Tip=17
Vlasnik=Drzava
Cena=200000
Kupljen=0

