[Informacije]
ReketTime=0.000000
Reket=-1
Facture=100
Neaktivnost=0
JobID=0
Level=15
Ime=Market Roda
Uvw=2
Uinterioru=0
VW=0
Int=0
IzasaoZ=29.861936
IzasaoY=2043.693481
IzasaoX=-1377.568725
UlazZ=39.569126
UlazY=-899.184875
UlazX=1316.731201
Novac=236020
Zakljucana=0
Tip=32
Vlasnik=Drzava
Cena=8500000
Kupljen=0

