[Informacije]
ReketTime=0.000000
Reket=-1
Facture=123
Neaktivnost=0
JobID=0
Level=5
Ime=Trafika
Uvw=20
Uinterioru=0
VW=0
Int=0
IzasaoZ=0.000000
IzasaoY=0.000000
IzasaoX=0.000000
UlazZ=23.980606
UlazY=-1376.618530
UlazX=2248.579589
Novac=18437
Zakljucana=0
Tip=17
Vlasnik=Drzava
Cena=200000
Kupljen=0

