[Informacije]
ReketTime=0.000000
Reket=-1
Facture=41
Neaktivnost=0
JobID=0
Level=5
Ime=Trafika
Uvw=21
Uinterioru=0
VW=0
Int=0
IzasaoZ=0.000000
IzasaoY=0.000000
IzasaoX=0.000000
UlazZ=23.984375
UlazY=-1321.592163
UlazX=2079.454589
Novac=8300
Zakljucana=0
Tip=17
Vlasnik=Drzava
Cena=200000
Kupljen=0

