[Informacije]
ReketTime=0.000000
Reket=-1
Facture=121
Neaktivnost=0
JobID=0
Level=5
Ime=Trafika
Uvw=22
Uinterioru=0
VW=0
Int=0
IzasaoZ=0.000000
IzasaoY=0.000000
IzasaoX=0.000000
UlazZ=13.546875
UlazY=-2242.157714
UlazX=1354.276611
Novac=0
Zakljucana=0
Tip=17
Vlasnik=Drzava
Cena=200000
Kupljen=0

