[Informacije]
ReketTime=0.000000
Reket=-1
Facture=100
Neaktivnost=0
JobID=0
Level=5
Ime=Lutrija
Uvw=0
Uinterioru=0
VW=0
Int=0
IzasaoZ=0.000000
IzasaoY=0.000000
IzasaoX=0.000000
UlazZ=13.521736
UlazY=-1536.809814
UlazX=1282.585937
Novac=275000
Zakljucana=0
Tip=29
Vlasnik=Drzava
Cena=10000000
Kupljen=0

