[Informacije]
ReketTime=0.000000
Reket=-1
Facture=100
Neaktivnost=0
JobID=9
Level=5
Uvw=24
Uinterioru=0
VW=0
Int=0
IzasaoZ=0.000000
IzasaoY=0.000000
IzasaoX=0.000000
UlazZ=14.043001
UlazY=-1605.225830
UlazX=938.880554
Novac=37318
Zakljucana=1
Tip=18
Vlasnik=Drzava
Cena=5000000
Kupljen=0
Ime=Firma - Pepsi Dostavljac

