[Informacije]
ReketTime=0.000000
Reket=-1
Facture=100
Neaktivnost=0
JobID=3
Level=5
Uvw=25
Uinterioru=0
VW=0
Int=0
IzasaoZ=0.000000
IzasaoY=0.000000
IzasaoX=0.000000
UlazZ=13.680101
UlazY=-1732.061035
UlazX=953.211486
Novac=0
Zakljucana=1
Tip=18
Vlasnik=Drzava
Cena=5000000
Kupljen=0
Ime=Firma - Bus vozac

