[Informacije]
ReketTime=0.000000
Reket=-1
Facture=100
Neaktivnost=0
JobID=1
Level=5
Uvw=26
Uinterioru=0
VW=0
Int=0
IzasaoZ=0.000000
IzasaoY=0.000000
IzasaoX=0.000000
UlazZ=20.024999
UlazY=-1197.379516
UlazX=1971.101562
Novac=48000
Zakljucana=1
Tip=18
Vlasnik=Drzava
Cena=5000000
Kupljen=0
Ime=Firma - Kosac Trave

