[Informacije]
ReketTime=0.000000
Reket=-1
Facture=100
Neaktivnost=0
JobID=12
Level=35
Uvw=27
Uinterioru=0
VW=0
Int=0
IzasaoZ=0.000000
IzasaoY=0.000000
IzasaoX=0.000000
UlazZ=-15.553997
UlazY=914.542907
UlazX=-173.782272
Novac=329620
Zakljucana=0
Tip=18
Vlasnik=Drzava
Cena=6500000
Kupljen=0
Ime=Firma - Prevoznik Novca

