[Informacije]
ReketTime=0.000000
Reket=-1
Facture=100
Neaktivnost=0
JobID=10
Level=28
Uvw=28
Uinterioru=0
VW=0
Int=0
IzasaoZ=0.000000
IzasaoY=0.000000
IzasaoX=0.000000
UlazZ=38.757125
UlazY=162.382415
UlazX=1922.051635
Novac=161892
Zakljucana=1
Tip=18
Vlasnik=Drzava
Cena=6000000
Kupljen=0
Ime=Firma - Vocar

