[Informacije]
ReketTime=0.000000
Reket=-1
Facture=100
Neaktivnost=0
JobID=6
Level=5
Uvw=29
Uinterioru=0
VW=0
Int=0
IzasaoZ=0.000000
IzasaoY=0.000000
IzasaoX=0.000000
UlazZ=1.078125
UlazY=-1137.382202
UlazX=-83.858070
Novac=64598
Zakljucana=0
Tip=18
Vlasnik=Drzava
Cena=5000000
Kupljen=0
Ime=Firma - Prevoznik

