[Informacije]
ReketTime=0.000000
Reket=0
Facture=0
Neaktivnost=0
JobID=0
Level=0
Uvw=0
Uinterioru=0
VW=0
Int=0
IzasaoZ=0.000000
IzasaoY=0.000000
IzasaoX=0.000000
UlazZ=0.000000
UlazY=0.000000
UlazX=0.000000
Novac=0
Zakljucana=0
Tip=0
Cena=0
Kupljen=0

