[Informacije]
ReketTime=0.000000
Reket=-1
Facture=100
Neaktivnost=0
JobID=4
Level=5
Uvw=31
Uinterioru=0
VW=0
Int=0
IzasaoZ=0.000000
IzasaoY=0.000000
IzasaoX=0.000000
UlazZ=-42.496692
UlazY=874.553710
UlazX=587.490173
Novac=267300
Zakljucana=1
Tip=18
Vlasnik=Drzava
Cena=5000000
Kupljen=0
Ime=Firma - Rudar

