[Informacije]
ReketTime=0.000000
Reket=-1
Facture=100
Neaktivnost=0
JobID=2
Level=5
Uvw=32
Uinterioru=0
VW=0
Int=0
IzasaoZ=0.000000
IzasaoY=0.000000
IzasaoX=0.000000
UlazZ=129.783523
UlazY=-1195.376464
UlazX=-1061.328247
Novac=20671
Zakljucana=1
Tip=18
Vlasnik=Drzava
Cena=5000000
Kupljen=0
Ime=Firma - Farmer

