[Informacije]
ReketTime=0.000000
Reket=-1
Facture=100
Neaktivnost=0
JobID=0
Level=999
Ime=Ribolovacka firma
Uvw=33
Uinterioru=0
VW=0
Int=0
IzasaoZ=-21.849100
IzasaoY=1177.162841
IzasaoX=2813.964355
UlazZ=13.149600
UlazY=-2344.618408
UlazX=1162.698608
Novac=268573
Zakljucana=0
Tip=34
Vlasnik=Drzava
Cena=1
Kupljen=0

