[Informacije]
ReketTime=0.000000
Reket=-1
Facture=100
Neaktivnost=0
JobID=11
Level=5
Uvw=34
Uinterioru=0
VW=0
Int=0
IzasaoZ=0.000000
IzasaoY=0.000000
IzasaoX=0.000000
UlazZ=13.582139
UlazY=-1311.083129
UlazX=1832.652587
Novac=232254
Zakljucana=1
Tip=18
Vlasnik=Drzava
Cena=3000000
Kupljen=0
Ime=Firma - Perac Prozora

