[Informacije]
ReketTime=0.000000
Reket=-1
Facture=100
Neaktivnost=0
JobID=13
Level=5
Uvw=35
Uinterioru=0
VW=0
Int=0
IzasaoZ=0.000000
IzasaoY=0.000000
IzasaoX=0.000000
UlazZ=13.546875
UlazY=-2325.142089
UlazX=1892.564086
Novac=144420
Zakljucana=1
Tip=18
Vlasnik=Drzava
Cena=7000000
Kupljen=0
Ime=Firma - Pilot

