[Informacije]
ReketTime=0.000000
Reket=-1
Facture=81
Neaktivnost=0
JobID=8
Level=5
Uvw=36
Uinterioru=0
VW=0
Int=0
IzasaoZ=0.000000
IzasaoY=0.000000
IzasaoX=0.000000
UlazZ=13.536902
UlazY=-2304.170898
UlazX=2159.755126
Novac=92592
Zakljucana=0
Tip=18
Vlasnik=Drzava
Cena=2000000
Kupljen=0
Ime=Firma - Proizvodjac Namestaja

