[Informacije]
ReketTime=0.000000
Reket=-1
Facture=100
Neaktivnost=0
JobID=0
Level=5
Ime=Nocni klub
Uvw=37
Uinterioru=3
VW=0
Int=0
IzasaoZ=906.460876
IzasaoY=1402.793579
IzasaoX=-2636.578125
UlazZ=13.607333
UlazY=-1386.686157
UlazX=816.232788
Novac=200
Zakljucana=0
Tip=14
Vlasnik=Drzava
Cena=200000
Kupljen=0

