[Informacije]
ReketTime=0.000000
Reket=-1
Facture=100
Neaktivnost=0
JobID=0
Level=5
Ime=Veliki Restoran
Uvw=39
Uinterioru=1
VW=0
Int=0
IzasaoZ=1376.195312
IzasaoY=489.279693
IzasaoX=-794.850280
UlazZ=14.256919
UlazY=-1814.318847
UlazX=2112.521728
Novac=3720
Zakljucana=0
Tip=12
Vlasnik=Drzava
Cena=350000
Kupljen=0

