[Informacije]
ReketTime=0.000000
Reket=-1
Facture=100
Neaktivnost=0
JobID=0
Level=5
Ime=Prodavnica 24/7
Uvw=4
Uinterioru=18
VW=0
Int=0
IzasaoZ=1003.546875
IzasaoY=-92.010398
IzasaoX=-30.907600
UlazZ=13.578125
UlazY=-1842.521972
UlazX=1833.206542
Novac=160
Zakljucana=1
Tip=1
Vlasnik=Drzava
Cena=500000
Kupljen=0

