[Informacije]
ReketTime=0.000000
Reket=-1
Facture=100
Neaktivnost=0
JobID=0
Level=5
Ime=Bar
Uvw=41
Uinterioru=11
VW=0
Int=0
IzasaoZ=998.757812
IzasaoY=-67.582000
IzasaoX=501.870788
UlazZ=13.560788
UlazY=-1897.608154
UlazX=1567.880004
Novac=0
Zakljucana=0
Tip=11
Vlasnik=Drzava
Cena=150000
Kupljen=0

