[Informacije]
ReketTime=0.000000
Reket=-1
Facture=100
Neaktivnost=0
JobID=0
Level=5
Ime=Nocni klub
Uvw=42
Uinterioru=3
VW=0
Int=0
IzasaoZ=906.460876
IzasaoY=1402.793579
IzasaoX=-2636.578125
UlazZ=13.326387
UlazY=-1682.490722
UlazX=1836.954101
Novac=545
Zakljucana=0
Tip=14
Vlasnik=Drzava
Cena=200000
Kupljen=0

