[Informacije]
ReketTime=0.000000
Reket=-1
Facture=142
Neaktivnost=0
JobID=0
Level=5
Ime=Kladionica
Uvw=0
Uinterioru=0
VW=0
Int=0
IzasaoZ=-21.252899
IzasaoY=2785.658447
IzasaoX=1059.952636
UlazZ=14.806543
UlazY=-1256.256103
UlazX=1685.826171
Novac=368447
Zakljucana=0
Tip=22
Vlasnik=Drzava
Cena=2000000
Kupljen=0

