[Informacije]
ReketTime=0.000000
Reket=-1
Facture=100
Neaktivnost=0
JobID=0
Level=5
Ime=OMV
Uvw=44
Uinterioru=6
VW=0
Int=0
IzasaoZ=1003.546875
IzasaoY=-58.069198
IzasaoX=-27.366100
UlazZ=13.562994
UlazY=-1778.610839
UlazX=1929.986083
Novac=36000
Zakljucana=1
Tip=20
Vlasnik=Drzava
Cena=750000
Kupljen=0

