[Informacije]
ReketTime=0.000000
Reket=-1
Facture=100
Neaktivnost=0
JobID=0
Level=5
Ime=Nestro
Uvw=45
Uinterioru=6
VW=0
Int=0
IzasaoZ=1003.546875
IzasaoY=-58.069198
IzasaoX=-27.366100
UlazZ=13.786000
UlazY=-2172.801025
UlazX=1454.416992
Novac=0
Zakljucana=0
Tip=20
Vlasnik=Drzava
Cena=750000
Kupljen=0

