[Informacije]
ReketTime=0.000000
Reket=-1
Facture=78
Neaktivnost=0
JobID=0
Level=5
Ime=Gazprom
Uvw=46
Uinterioru=6
VW=0
Int=0
IzasaoZ=1003.546875
IzasaoY=-58.069198
IzasaoX=-27.366100
UlazZ=42.330085
UlazY=-919.969116
UlazX=1000.168518
Novac=28800
Zakljucana=0
Tip=20
Vlasnik=Drzava
Cena=750000
Kupljen=0

