[Informacije]
ReketTime=0.000000
Reket=-1
Facture=100
Neaktivnost=0
JobID=0
Level=5
Ime=Mali Restoran
Uvw=47
Uinterioru=4
VW=0
Int=0
IzasaoZ=999.554687
IzasaoY=-88.611503
IzasaoX=460.265411
UlazZ=6.578125
UlazY=-1813.081420
UlazX=523.928344
Novac=0
Zakljucana=0
Tip=12
Vlasnik=Drzava
Cena=300000
Kupljen=0

