[Informacije]
ReketTime=0.000000
Reket=-1
Facture=100
Neaktivnost=0
JobID=0
Level=5
Ime=Nocni klub
Uvw=48
Uinterioru=3
VW=0
Int=0
IzasaoZ=906.460876
IzasaoY=1402.793579
IzasaoX=-2636.578125
UlazZ=25.561529
UlazY=-1219.242553
UlazX=2421.577880
Novac=0
Zakljucana=0
Tip=14
Vlasnik=Drzava
Cena=200000
Kupljen=0

