[Informacije]
ReketTime=0.000000
Reket=-1
Facture=100
Neaktivnost=0
JobID=0
Level=5
Ime=Gym
Uvw=49
Uinterioru=5
VW=0
Int=0
IzasaoZ=1000.728576
IzasaoY=-5.515697
IzasaoX=772.359375
UlazZ=13.557268
UlazY=-1721.474853
UlazX=2229.863037
Novac=2000
Zakljucana=0
Tip=10
Vlasnik=Drzava
Cena=250000
Kupljen=0

