[Informacije]
ReketTime=0.000000
Reket=-1
Facture=100
Neaktivnost=0
JobID=0
Level=999
Ime=WinWin
Uvw=5
Uinterioru=0
VW=0
Int=0
IzasaoZ=13.694890
IzasaoY=-1652.355346
IzasaoX=1286.608886
UlazZ=13.553125
UlazY=-1652.229125
UlazX=1288.941406
Novac=74222
Zakljucana=0
Tip=16
Vlasnik=Drzava
Cena=550000
Kupljen=0

