[Informacije]
ReketTime=0.000000
Reket=-1
Facture=100
Neaktivnost=0
JobID=0
Level=20
Ime=Gun Shop
Uvw=50
Uinterioru=7
VW=0
Int=0
IzasaoZ=1139.230712
IzasaoY=-729.543090
IzasaoX=1203.042236
UlazZ=23.984375
UlazY=-1359.734008
UlazX=2101.193847
Novac=138100
Zakljucana=0
Tip=9
Vlasnik=Drzava
Cena=5000000
Kupljen=0

