[Informacije]
ReketTime=0.000000
Reket=-1
Facture=100
Neaktivnost=0
JobID=0
Level=20
Ime=Gun Shop
Uvw=51
Uinterioru=7
VW=0
Int=0
IzasaoZ=1139.230712
IzasaoY=-729.543090
IzasaoX=1203.042236
UlazZ=13.546875
UlazY=-1905.608154
UlazX=2090.643310
Novac=14100
Zakljucana=0
Tip=9
Vlasnik=Drzava
Cena=5000000
Kupljen=0

