[Informacije]
ReketTime=1652375808.000000
Reket=9
Facture=100
Neaktivnost=0
JobID=0
Level=30
Ime=Gun Shop
Uvw=6
Uinterioru=7
VW=0
Int=0
IzasaoZ=1139.230712
IzasaoY=-729.543090
IzasaoX=1203.042236
UlazZ=13.546875
UlazY=-1279.792968
UlazX=1368.564819
Novac=276080
Zakljucana=0
Tip=9
Vlasnik=Drzava
Cena=20000000
Kupljen=0

