[Informacije]
ReketTime=0.000000
Reket=-1
Facture=100
Neaktivnost=0
JobID=0
Level=5
Ime=McDonalds
Uvw=7
Uinterioru=10
VW=0
Int=0
IzasaoZ=-36.828300
IzasaoY=474.904907
IzasaoX=1168.278808
UlazZ=13.531000
UlazY=-1616.376098
UlazX=806.260131
Novac=490
Zakljucana=0
Tip=3
Vlasnik=Drzava
Cena=350000
Kupljen=0

