[Informacije]
ReketTime=0.000000
Reket=-1
Facture=100
Neaktivnost=0
JobID=0
Level=5
Ime=Nike Shop
Uvw=8
Uinterioru=0
VW=0
Int=0
IzasaoZ=-21.849100
IzasaoY=1177.162841
IzasaoX=2813.964355
UlazZ=23.973917
UlazY=-1137.558837
UlazX=1457.424316
Novac=9600
Zakljucana=0
Tip=5
Vlasnik=Drzava
Cena=1500000
Kupljen=0

