[Informacije]
ReketTime=0.000000
Reket=-1
Facture=100
Neaktivnost=0
JobID=0
Level=5
Ime=Binco
Uvw=9
Uinterioru=15
VW=0
Int=0
IzasaoZ=1005.132812
IzasaoY=-110.546401
IzasaoX=207.720397
UlazZ=15.476552
UlazY=-1665.541870
UlazX=2244.298095
Novac=0
Zakljucana=0
Tip=5
Vlasnik=Drzava
Cena=450000
Kupljen=0

