Postavljen = 1
X = 1803.276733
Y = -1895.241577
Z = 13.055671
Angle = 283.545989
Int = 0
VW = 0
