ObjRot3=90.159713
ObjRot2=0.000000
ObjRot1=0.000000
ObjPos3=13.507936
ObjPos2=-1345.090820
ObjPos1=1364.921386

