ObjRot3=1.276715
ObjRot2=0.000000
ObjRot1=0.000000
ObjPos3=13.517931
ObjPos2=-1337.553466
ObjPos1=1364.903686

