ObjRot3=87.966285
ObjRot2=0.000000
ObjRot1=0.000000
ObjPos3=13.527929
ObjPos2=-1349.062255
ObjPos1=1364.943115

