ObjRot3=44.308208
ObjRot2=0.000000
ObjRot1=0.000000
ObjPos3=13.517930
ObjPos2=-1333.606811
ObjPos1=1364.906372

