ProveraVlasnika = 0
Vlasnik = Niko
UlazX = 2283.936523
UlazY = -1047.186035
UlazZ = 49.887119
IzlazX = 421.919097
IzlazY = 2536.452880
IzlazZ = 10.000000
Level = 6
Cena = 60000
Novac = 0
Int = 10
Zatvoreno = 1
VW = 0
Droga = 0
Mats = 0
Neaktivnost = 0
Cannabis = 0
Kokain = 0
