ProveraVlasnika = 0
Vlasnik = Niko
UlazX = 1403.054931
UlazY = -1732.202880
UlazZ = 13.390607
IzlazX = 421.919097
IzlazY = 2536.452880
IzlazZ = 10.000000
Level = 6
Cena = 50000
Novac = 0
Int = 10
Zatvoreno = 1
VW = 14
Cannabis = 0
Kokain = 0
Mats = 0
Neaktivnost = 0
