ProveraVlasnika = 0
Vlasnik = Niko
UlazX = 2355.552001
UlazY = -1038.578979
UlazZ = 54.335803
IzlazX = 421.919097
IzlazY = 2536.452880
IzlazZ = 10.000000
Level = 6
Cena = 60000
Novac = 0
Int = 10
Zatvoreno = 1
VW = 9
Droga = 0
Mats = 0
Neaktivnost = 0
Cannabis = 0
Kokain = 0
