ProveraVlasnika = 0
Vlasnik = Niko
UlazX = 2355.755371
UlazY = -1058.820068
UlazZ = 54.077991
IzlazX = 421.919097
IzlazY = 2536.452880
IzlazZ = 10.000000
Level = 6
Cena = 60000
Novac = 0
Int = 10
Zatvoreno = 1
VW = 12
Droga = 0
Mats = 0
Neaktivnost = 0
Cannabis = 0
Kokain = 0
