[data]
Brzina = 100
Kazna = 1000
Precnik = 10
PosX = 1477.386962
PosY = -1726.315551
PosZ = 13.546875
PosrX = 0.000000
PosrY = 0.000000
PosrZ = 0.000000
