PickupPos3=14.012805
PickupPos2=-2399.160400
PickupPos=2720.533935
Color=db9d0b
MinY=-2562.640136
MaxY=-2331.905029
MinX=2669.127929
MaxX=2808.174560
Time=30
GangID=6
Takeable=true
Taken=true

