PickupPos3=14.804548
PickupPos2=-2629.002929
PickupPos=2448.168945
Color=db9d0b
MinY=-2695.644531
MaxY=-2480.527587
MinX=2382.791015
MaxX=2515.684570
Time=30
GangID=6
Takeable=true
Taken=true

