PickupPos3=13.564674
PickupPos2=-1693.008544
PickupPos=2046.406616
Color=db9d0b
MinY=-1810.612426
MaxY=-1602.101318
MinX=1964.249877
MaxX=2090.059814
Time=30
GangID=6
Takeable=true
Taken=true

