PickupPos3=14.188238
PickupPos2=-1372.057739
PickupPos=1919.159301
Color=db9d0b
MinY=-1447.439453
MaxY=-1351.816528
MinX=1863.137329
MaxX=1976.105590
Time=30
GangID=6
Takeable=true
Taken=true

