PickupPos3=24.379835
PickupPos2=-1483.921630
PickupPos=2518.024902
Color=db9d0b
MinY=-1587.283325
MaxY=-1454.207275
MinX=2458.922119
MaxX=2633.024902
Time=30
GangID=6
Takeable=true
Taken=true

