PickupPos3=14.146875
PickupPos2=-1814.512451
PickupPos=2347.624511
Color=db9d0b
MinY=-1822.157714
MaxY=-1760.312622
MinX=2232.523437
MaxX=2402.087402
Time=30
GangID=6
Takeable=true
Taken=true

