PickupPos3=26.345817
PickupPos2=-1149.208862
PickupPos=2208.873535
Color=db9d0b
MinY=-1208.555053
MaxY=-1134.699462
MinX=2184.734619
MaxX=2262.083007
Time=30
GangID=6
Takeable=true
Taken=true

