PickupPos3=16.815992
PickupPos2=-1468.398437
PickupPos=2805.468505
Color=db9d0b
MinY=-1482.349243
MaxY=-1369.709594
MinX=2773.227050
MaxX=2866.722900
Time=30
GangID=6
Takeable=true
Taken=true

