PickupPos3=0.000000
PickupPos2=0.000000
PickupPos=0.000000
Color=005b87
MinY=-1351.812866
MaxY=-1351.788818
MinX=1862.734375
MaxX=1976.105834
Time=0
GangID=-1
Takeable=false
Taken=false

