PickupPos3=13.947295
PickupPos2=-2006.506347
PickupPos=1824.694213
Color=db9d0b
MinY=-2053.903076
MaxY=-1953.406372
MinX=1779.180908
MaxX=1877.205810
Time=30
GangID=6
Takeable=true
Taken=true

