PickupPos3=24.275091
PickupPos2=-1347.756347
PickupPos=2233.312500
Color=db9d0b
MinY=-1379.706054
MaxY=-1222.000488
MinX=2067.376953
MaxX=2248.490966
Time=30
GangID=6
Takeable=true
Taken=true

