PickupPos3=14.147651
PickupPos2=-2052.759521
PickupPos=1994.342041
Color=db9d0b
MinY=-2094.638671
MaxY=-1971.288208
MinX=1980.084106
MaxX=2116.811279
Time=30
GangID=6
Takeable=true
Taken=true

