PickupPos3=14.146875
PickupPos2=-2130.180664
PickupPos=1753.329467
Color=db9d0b
MinY=-2155.105712
MaxY=-2078.471679
MinX=1683.864501
MaxX=1812.161499
Time=30
GangID=6
Takeable=true
Taken=true

