PickupPos3=56.803123
PickupPos2=-1110.047241
PickupPos=2518.597900
Color=db9d0b
MinY=-1155.815795
MaxY=-1015.655578
MinX=2359.348876
MaxX=2599.411865
Time=30
GangID=6
Takeable=true
Taken=true

