PickupPos3=81.699584
PickupPos2=-967.874084
PickupPos=2583.296630
Color=db9d0b
MinY=-1003.721618
MaxY=-936.267272
MinX=2453.013183
MaxX=2605.185058
Time=30
GangID=6
Takeable=true
Taken=true

