PickupPos3=14.146875
PickupPos2=-1962.627929
PickupPos=2787.388916
Color=db9d0b
MinY=-2034.630493
MaxY=-1913.506713
MinX=2727.462890
MaxX=2802.657714
Time=30
GangID=6
Takeable=true
Taken=true

