PickupPos3=11.993124
PickupPos2=-1699.965820
PickupPos=2699.177734
Color=db9d0b
MinY=-1899.581542
MaxY=-1668.179931
MinX=2647.153808
MaxX=2842.124023
Time=30
GangID=6
Takeable=true
Taken=true

