PickupPos3=14.146875
PickupPos2=-2120.927490
PickupPos=2601.484863
Color=db9d0b
MinY=-2148.892333
MaxY=-2059.050292
MinX=2536.287841
MaxX=2705.152099
Time=30
GangID=6
Takeable=true
Taken=true

