PickupPos3=15.100374
PickupPos2=-1315.323730
PickupPos=1885.049194
Color=db9d0b
MinY=-1334.191162
MaxY=-1267.417968
MinX=1860.822753
MaxX=2058.105957
Time=30
GangID=6
Takeable=true
Taken=true

