PickupPos3=26.139062
PickupPos2=-1479.248168
PickupPos=2153.194824
Color=db9d0b
MinY=-1527.353881
MaxY=-1392.729248
MinX=2123.719970
MaxX=2202.340576
Time=30
GangID=6
Takeable=true
Taken=true

