PickupPos3=13.473807
PickupPos2=-1670.403808
PickupPos=2489.642578
Color=db9d0b
MinY=-1749.753662
MaxY=-1627.522460
MinX=2414.686767
MaxX=2538.732666
Time=30
GangID=6
Takeable=true
Taken=true

