PickupPos3=14.088500
PickupPos2=-1889.359985
PickupPos=1890.113525
Color=db9d0b
MinY=-1923.968383
MaxY=-1868.959716
MinX=1828.688964
MaxX=1969.889892
Time=30
GangID=6
Takeable=true
Taken=true

