PickupPos3=25.183767
PickupPos2=-1372.320922
PickupPos=2429.638183
Color=db9d0b
MinY=-1437.363525
MaxY=-1264.468139
MinX=2377.234863
MaxX=2444.513183
Time=30
GangID=6
Takeable=true
Taken=true

