PickupPos3=14.152481
PickupPos2=-2108.226318
PickupPos=1887.718383
Color=db9d0b
MinY=-2160.759521
MaxY=-2066.972412
MinX=1826.498291
MaxX=1945.976440
Time=30
GangID=6
Takeable=true
Taken=true

