PickupPos3=24.807338
PickupPos2=-1506.739746
PickupPos=2331.059326
Color=db9d0b
MinY=-1573.733398
MaxY=-1475.454223
MinX=2221.516601
MaxX=2418.053955
Time=30
GangID=6
Takeable=true
Taken=true

