PickupPos3=14.149997
PickupPos2=-2035.446411
PickupPos=2508.260742
Color=db9d0b
MinY=-2062.455322
MaxY=-1942.776489
MinX=2421.023925
MaxX=2527.266113
Time=30
GangID=6
Takeable=true
Taken=true

