ImaVlasnika = 1
Vlasnik = Rajcha_Makaveli
Vrsta = 18
Naziv = Edward & Bella Kalen
Iznuda = Niko
UlazX = 1374.985351
UlazY = -1046.892089
UlazZ = 26.685117
IzlazX = 0.000000
IzlazY = 0.000000
IzlazZ = 0.000000
Level = 6
Cena = 105000
Kasa = 2670
Int = 0
Zatvoreno = 0
Proizvodi = 1363
MaxProizvodi = 300
VW = 51
Neaktivnost = 110
