ImaVlasnika = 0
Vlasnik = Niko
Vrsta = 12
Naziv = Elite Restoran
Iznuda = Niko
UlazX = 2354.553710
UlazY = -1511.912353
UlazZ = 24.000000
IzlazX = -794.958374
IzlazY = 490.110504
IzlazZ = 1376.195312
Level = 6
Cena = 95000
Kasa = 29683
Int = 1
Zatvoreno = 0
Proizvodi = 313
MaxProizvodi = 300
VW = 33
Neaktivnost = 0
