ImaVlasnika = 1
Vlasnik = Nemanja_Arsic
Vrsta = 18
Naziv = Munja-trans D.o.o.
Iznuda = Niko
UlazX = 2535.958007
UlazY = -2087.619628
UlazZ = 13.546875
IzlazX = 0.000000
IzlazY = 0.000000
IzlazZ = 0.000000
Level = 11
Cena = 220000
Kasa = 2110
Int = 0
Zatvoreno = 0
Proizvodi = 300
MaxProizvodi = 300
VW = 11
Neaktivnost = 199
