ImaVlasnika = 1
Vlasnik = John_Williams
Vrsta = 6
Naziv = Kafana kod Jarana
Iznuda = Niko
UlazX = 1321.844238
UlazY = -1634.090332
UlazZ = 13.546875
IzlazX = 501.870788
IzlazY = -67.582000
IzlazZ = 998.757812
Level = 3
Cena = 70000
Kasa = 1140
Int = 11
Zatvoreno = 0
Proizvodi = 438
MaxProizvodi = 300
VW = 5
Neaktivnost = 110
