ImaVlasnika = 0
Vlasnik = Niko
Vrsta = 11
Naziv = Night Club
Iznuda = Niko
UlazX = 1836.583251
UlazY = -1682.379516
UlazZ = 13.341876
IzlazX = -2636.578125
IzlazY = 1402.793579
IzlazZ = 906.460876
Level = 10
Cena = 160000
Kasa = 1970
Int = 3
Zatvoreno = 0
Proizvodi = 252
MaxProizvodi = 300
VW = 14
Neaktivnost = 169
