ImaVlasnika = 0
Vlasnik = Niko
Vrsta = 1
Naziv = Market 24/7
Iznuda = Niko
UlazX = 1009.136901
UlazY = -1295.926757
UlazZ = 13.546875
IzlazX = -27.312299
IzlazY = -29.277599
IzlazZ = 1003.557250
Level = 6
Cena = 110000
Kasa = 175
Int = 4
Zatvoreno = 0
Proizvodi = 300
MaxProizvodi = 300
VW = 21
Neaktivnost = 0
