ImaVlasnika = 1
Vlasnik = Johnny_Nelson
Vrsta = 1
Naziv = Market 24/7
Iznuda = Niko
UlazX = 0.000000
UlazY = 0.000000
UlazZ = 0.000000
IzlazX = -25.132600
IzlazY = -139.067001
IzlazZ = 1003.546875
Level = 1
Cena = 10001
Kasa = 499300
Int = 16
Zatvoreno = 0
Proizvodi = 2
MaxProizvodi = 300
VW = 37
Neaktivnost = 0
