ImaVlasnika = 0
Vlasnik = Niko
Vrsta = 16
Naziv = Barber
Iznuda = Niko
UlazX = 2633.157714
UlazY = -1398.582031
UlazZ = 30.451295
IzlazX = 418.652984
IzlazY = -82.639793
IzlazZ = 1001.804687
Level = 5
Cena = 75000
Kasa = 75
Int = 3
Zatvoreno = 0
Proizvodi = 297
MaxProizvodi = 300
VW = 42
Neaktivnost = 0
