ImaVlasnika = 1
Vlasnik = Uros_Vasiljevic
Vrsta = 18
Naziv = Aerodrom Kinez
Iznuda = Niko
UlazX = 1957.433105
UlazY = -2183.783447
UlazZ = 13.546875
IzlazX = 0.000000
IzlazY = 0.000000
IzlazZ = 0.000000
Level = 6
Cena = 260000
Kasa = 183
Int = 0
Zatvoreno = 0
Proizvodi = 300
MaxProizvodi = 300
VW = 59
Neaktivnost = 110
