ImaVlasnika = 1
Vlasnik = Kleni_Schwarz
Vrsta = 7
Naziv = Teretana
Iznuda = Niko
UlazX = 2229.561279
UlazY = -1721.836181
UlazZ = 13.566864
IzlazX = 772.359375
IzlazY = -5.515697
IzlazZ = 1000.728576
Level = 8
Cena = 155000
Kasa = 0
Int = 5
Zatvoreno = 0
Proizvodi = 722
MaxProizvodi = 300
VW = 30
Neaktivnost = 109
