ImaVlasnika = 0
Vlasnik = Niko
Vrsta = 1
Naziv = Market 24/7
Iznuda = Niko
UlazX = 1404.739746
UlazY = -1732.168212
UlazZ = 13.390607
IzlazX = -25.132600
IzlazY = -139.067001
IzlazZ = 1003.546875
Level = 5
Cena = 150000
Kasa = 0
Int = 16
Zatvoreno = 1
Proizvodi = 300
MaxProizvodi = 300
VW = 68
Neaktivnost = 0
