ImaVlasnika = 0
Vlasnik = Niko
Vrsta = 3
Naziv = Cluckin Bell
Iznuda = Niko
UlazX = 928.552124
UlazY = -1352.985595
UlazZ = 13.343750
IzlazX = 365.779296
IzlazY = -9.169898
IzlazZ = 1001.851623
Level = 8
Cena = 90000
Kasa = 3793
Int = 9
Zatvoreno = 0
Proizvodi = 279
MaxProizvodi = 300
VW = 19
Neaktivnost = 0
