ImaVlasnika = 1
Vlasnik = Felix_Miller
Vrsta = 1
Naziv = Panteri D.O.O
Iznuda = Niko
UlazX = 1689.900878
UlazY = -1506.828125
UlazZ = 13.546875
IzlazX = -27.312299
IzlazY = -29.277599
IzlazZ = 1003.557250
Level = 5
Cena = 100000
Kasa = 15722
Int = 4
Zatvoreno = 0
Proizvodi = 300
MaxProizvodi = 300
VW = 8
Neaktivnost = 109
