ImaVlasnika = 0
Vlasnik = Niko
Vrsta = 18
Naziv = Javno Komunalno Preduzece
Iznuda = Niko
UlazX = 2011.651489
UlazY = -1774.640014
UlazZ = 13.601300
IzlazX = 0.000000
IzlazY = 0.000000
IzlazZ = 0.000000
Level = 15
Cena = 280000
Kasa = 8677010
Int = 0
Zatvoreno = 0
Proizvodi = 300
MaxProizvodi = 300
VW = 28
Neaktivnost = 0
