ImaVlasnika = 0
Vlasnik = Niko
Vrsta = 16
Naziv = Barber
Iznuda = Niko
UlazX = 2071.205810
UlazY = -1793.800170
UlazZ = 13.553277
IzlazX = 418.652984
IzlazY = -82.639793
IzlazZ = 1001.804687
Level = 6
Cena = 85000
Kasa = 4421
Int = 3
Zatvoreno = 0
Proizvodi = 775
MaxProizvodi = 300
VW = 27
Neaktivnost = 0
