ImaVlasnika = 0
Vlasnik = Niko
Vrsta = 1
Naziv = Store Market & Pump
Iznuda = Niko
UlazX = -78.868591
UlazY = -1169.411987
UlazZ = 2.151597
IzlazX = -27.312299
IzlazY = -29.277599
IzlazZ = 1003.557250
Level = 5
Cena = 105000
Kasa = 80
Int = 4
Zatvoreno = 1
Proizvodi = 300
MaxProizvodi = 300
VW = 63
Neaktivnost = 0
