ImaVlasnika = 1
Vlasnik = Johny_Kayne
Vrsta = 10
Naziv = LCN Gun Shop
Iznuda = Niko
UlazX = 1323.881103
UlazY = -1841.896972
UlazZ = 13.546875
IzlazX = 316.524993
IzlazY = -167.706985
IzlazZ = 999.593750
Level = 6
Cena = 210000
Kasa = 866
Int = 6
Zatvoreno = 0
Proizvodi = 934
MaxProizvodi = 300
VW = 3
Neaktivnost = 109
