ImaVlasnika = 1
Vlasnik = Sasa_Simic
Vrsta = 1
Naziv = Simic promet
Iznuda = Niko
UlazX = 999.891235
UlazY = -920.063964
UlazZ = 42.328086
IzlazX = -25.132600
IzlazY = -139.067001
IzlazZ = 1003.546875
Level = 10
Cena = 130000
Kasa = 200390
Int = 16
Zatvoreno = 0
Proizvodi = 300
MaxProizvodi = 300
VW = 62
Neaktivnost = 109
