ImaVlasnika = 1
Vlasnik = Luka_Arsic
Vrsta = 2
Naziv = McDonald's
Iznuda = Niko
UlazX = 1195.003784
UlazY = -906.672485
UlazZ = 43.342838
IzlazX = 366.032409
IzlazY = -72.639999
IzlazZ = 1001.507812
Level = 8
Cena = 210000
Kasa = 0
Int = 10
Zatvoreno = 0
Proizvodi = 238
MaxProizvodi = 300
VW = 57
Neaktivnost = 109
