Mats=0
Money=11858673
Rentovano=1
RentPrice=1000
Rentable=1
Neaktivnost=0
Adress=Dedinje
Level=1
PizzaTime=0.000000
Time=0
LockLevel=1
Alarm=2
DoorLevel=1
DrugCode10=0
DrugCode9=0
DrugCode8=0
DrugCode7=0
DrugCode6=0
DrugCode5=0
DrugCode4=0
DrugCode3=0
DrugCode2=0
DrugCode1=0
Drug10=0
Drug9=0
Drug8=0
Drug7=0
Drug6=0
Drug5=0
Drug4=0
Drug3=0
Drug2=0
Drug1=0
Municija4=0
Municija3=0
Municija2=0
Municija1=0
Oruzje4=0
Oruzje3=0
Oruzje2=0
Oruzje1=0
SafePass=0
SafeStatus=0
Skin3=0
Skin2=0
Skin1=0
Ormar=1
Vrsta=4
VW=125
Interior=12
Locked=0
Price=1
Exit3=22.105899
Exit2=-373.050903
Exit1=2321.835449
Enter3=95.563308
Enter2=-687.890991
Enter1=1497.084472
Usage=1
Owner=Drzava
Owned=0

