Mats=0
Money=0
Rentovano=0
RentPrice=0
Rentable=0
Neaktivnost=0
Adress=Dedinje
Level=5
PizzaTime=0.000000
Time=0
LockLevel=4
Alarm=4
DoorLevel=5
DrugCode10=0
DrugCode9=0
DrugCode8=0
DrugCode7=0
DrugCode6=0
DrugCode5=0
DrugCode4=0
DrugCode3=0
DrugCode2=0
DrugCode1=0
Drug10=0
Drug9=0
Drug8=0
Drug7=0
Drug6=0
Drug5=0
Drug4=0
Drug3=0
Drug2=0
Drug1=0
Municija4=100
Municija3=171
Municija2=205
Municija1=200
Oruzje4=24
Oruzje3=24
Oruzje2=31
Oruzje1=31
SafePass=123456
SafeStatus=1
Skin3=0
Skin2=0
Skin1=0
Ormar=1
Vrsta=4
VW=130
Interior=12
Locked=0
Price=1500000
Exit3=22.105899
Exit2=-373.050903
Exit1=2321.835449
Enter3=100.132926
Enter2=-742.062927
Enter1=1112.641235
Usage=1
Owner=Drzava
Owned=0

