Mats=0
Money=0
Rentovano=0
RentPrice=0
Rentable=0
Neaktivnost=0
Adress=Senjak
Level=5
PizzaTime=0.000000
Time=0
LockLevel=0
Alarm=0
DoorLevel=0
DrugCode10=0
DrugCode9=0
DrugCode8=0
DrugCode7=0
DrugCode6=0
DrugCode5=0
DrugCode4=0
DrugCode3=0
DrugCode2=0
DrugCode1=1999
Drug10=0
Drug9=0
Drug8=0
Drug7=0
Drug6=0
Drug5=0
Drug4=0
Drug3=0
Drug2=0
Drug1=60
Municija4=98
Municija3=188
Municija2=450
Municija1=173
Oruzje4=27
Oruzje3=34
Oruzje2=41
Oruzje1=24
SafePass=171717
SafeStatus=1
Skin3=0
Skin2=0
Skin1=0
Ormar=0
Vrsta=3
VW=143
Interior=10
Locked=0
Price=750000
Exit3=7.406898
Exit2=-371.074890
Exit1=1915.924804
Enter3=49.421691
Enter2=-1060.370971
Enter1=700.238464
Usage=1
Owner=Drzava
Owned=0

