Mats=0
Money=0
Rentovano=0
RentPrice=1000
Rentable=1
Neaktivnost=0
Adress=Senjak
Level=5
PizzaTime=0.000000
Time=0
LockLevel=0
Alarm=0
DoorLevel=0
DrugCode10=0
DrugCode9=0
DrugCode8=0
DrugCode7=0
DrugCode6=0
DrugCode5=0
DrugCode4=0
DrugCode3=0
DrugCode2=0
DrugCode1=1999
Drug10=0
Drug9=0
Drug8=0
Drug7=0
Drug6=0
Drug5=0
Drug4=0
Drug3=0
Drug2=0
Drug1=220
Municija4=0
Municija3=0
Municija2=0
Municija1=181
Oruzje4=0
Oruzje3=0
Oruzje2=0
Oruzje1=31
SafePass=171717
SafeStatus=1
Skin3=0
Skin2=0
Skin1=0
Ormar=0
Vrsta=4
VW=149
Interior=12
Locked=0
Price=1500000
Exit3=22.105899
Exit2=-373.050903
Exit1=2321.835449
Enter3=81.391014
Enter2=-1154.368286
Enter1=300.161346
Usage=1
Owner=Drzava
Owned=0

