Mats=0
Money=0
Rentovano=0
RentPrice=1000
Rentable=1
Neaktivnost=0
Adress=Auto komanda
Level=3
PizzaTime=0.000000
Time=0
LockLevel=1
Alarm=2
DoorLevel=0
DrugCode10=0
DrugCode9=0
DrugCode8=0
DrugCode7=0
DrugCode6=0
DrugCode5=0
DrugCode4=0
DrugCode3=0
DrugCode2=0
DrugCode1=0
Drug10=0
Drug9=0
Drug8=0
Drug7=0
Drug6=0
Drug5=0
Drug4=0
Drug3=0
Drug2=0
Drug1=0
Municija4=0
Municija3=0
Municija2=0
Municija1=0
Oruzje4=0
Oruzje3=0
Oruzje2=0
Oruzje1=0
SafePass=171717
SafeStatus=1
Skin3=0
Skin2=0
Skin1=0
Ormar=1
Vrsta=0
VW=299
Interior=5
Locked=0
Price=50000
Exit3=-31.141099
Exit2=-1021.830871
Exit1=1345.667724
Enter3=24.015625
Enter2=-1051.936157
Enter1=1464.687988
Usage=2
Owner=Drzava
Owned=0

