Skin=266
Rotacija_A=355.748992
Lokacija_Z=13.562363
Lokacija_Y=-1634.394409
Lokacija_X=1579.668701
Ime= 

