Skin=266
Rotacija_A=89.020271
Lokacija_Z=-25.841962
Lokacija_Y=1976.330078
Lokacija_X=722.510864
Ime= 

