Skin=266
Rotacija_A=0.000000
Lokacija_Z=13.382800
Lokacija_Y=-1631.571899
Lokacija_X=1544.252685
Ime=Obezbedjenje

