Skin=305
Rotacija_A=333.391937
Lokacija_Z=14.038534
Lokacija_Y=-1601.116821
Lokacija_X=1988.725097
Ime=Mehanicar

