Skin=124
Rotacija_A=311.006072
Lokacija_Z=13.509016
Lokacija_Y=-1348.786987
Lokacija_X=733.137939
Ime=Obezbedjenje

