[Informacije]
par1ID0=31
par2ID0=7
Rezultat10=4
Rezultat20=2
Kvota0=4.000000
HourPobeda0=7.6.2022 22:30
par1ID1=15
par2ID1=16
Rezultat11=3
Rezultat21=3
Kvota1=3.000000
HourPobeda1=7.6.2022 22:30
par1ID2=44
par2ID2=35
Rezultat12=2
Rezultat22=0
Kvota2=2.400000
HourPobeda2=7.6.2022 22:30
par1ID3=27
par2ID3=22
Rezultat13=4
Rezultat23=2
Kvota3=2.799999
HourPobeda3=7.6.2022 22:30
par1ID4=20
par2ID4=30
Rezultat14=3
Rezultat24=1
Kvota4=2.799999
HourPobeda4=7.6.2022 22:30
par1ID5=3
par2ID5=4
Rezultat15=5
Rezultat25=3
Kvota5=3.000000
HourPobeda5=7.6.2022 22:30
par1ID6=7
par2ID6=14
Rezultat16=3
Rezultat26=2
Kvota6=2.400000
HourPobeda6=7.6.2022 22:30
par1ID7=28
par2ID7=41
Rezultat17=2
Rezultat27=1
Kvota7=2.599999
HourPobeda7=7.6.2022 22:30
par1ID8=43
par2ID8=38
Rezultat18=2
Rezultat28=3
Kvota8=2.599999
HourPobeda8=7.6.2022 22:30
par1ID9=22
par2ID9=12
Rezultat19=0
Rezultat29=2
Kvota9=2.599999
HourPobeda9=7.6.2022 22:30

