Model = 411
X = 1386.905639
Y = -1674.065063
Z = 13.400600
A = 1.557899
Boja1 = 0
Boja2 = 0
Vlasnik = Johnny_Matheson
ImaVlasnika = 1
ID = 538
Zakljucan = 1
Droga = 0
Mats = 0
Oruzije = -1
Municija = 0
Radio = 0
Component0 = 0
Component1 = 0
Component2 = 0
Component3 = 0
Component4 = 0
Component5 = 0
Component6 = 0
Component7 = 0
Component8 = 0
Component9 = 0
Component10 = 0
Component11 = 0
Component12 = 0
Component13 = 0
