Model = 518
X = 1807.803833
Y = -1868.494140
Z = 13.252337
A = 359.999969
Boja1 = 128
Boja2 = 1
Vlasnik = Laki_Zihlavski
ImaVlasnika = 1
Zakljucan = 0
Droga = 0
Mats = 0
Radio = 0
Component0 = 0
Component1 = 1023
Component2 = 1005
Component3 = 1006
Component4 = 1007
Component5 = 1013
Component6 = 1009
Component7 = 1018
Component8 = 1078
Component9 = 0
Component10 = 0
Component11 = 0
Component12 = 0
Component13 = 1143
PaintJob = 999
Oruzije1 = -1
Municija1 = 0
Oruzije2 = -1
Municija2 = 0
Oruzije3 = -1
Municija3 = 0
Cena = 49000
Prodaja = 0
Neaktivnost = 0
Cannabis = 0
Kokain = 0
