Model = 579
X = 944.196411
Y = -841.612792
Z = 94.053871
A = 30.900323
Boja1 = 13
Boja2 = 13
Vlasnik = Gary_Miller
ImaVlasnika = 1
Zakljucan = 1
Cannabis = 0
Kokain = 0
Mats = 0
Radio = 0
Component0 = 0
Component1 = 0
Component2 = 0
Component3 = 0
Component4 = 0
Component5 = 0
Component6 = 1010
Component7 = 0
Component8 = 1074
Component9 = 0
Component10 = 0
Component11 = 0
Component12 = 0
Component13 = 0
PaintJob = 999
Oruzije1 = 30
Municija1 = 1299
Oruzije2 = -1
Municija2 = 0
Oruzije3 = -1
Municija3 = 0
Cena = 210000
Prodaja = 0
Neaktivnost = 0
