Model = 492
X = 1183.298950
Y = -1253.165039
Z = 14.961494
A = 180.000000
Boja1 = 86
Boja2 = 86
Vlasnik = Milos_Kosovac
ImaVlasnika = 1
Zakljucan = 1
Droga = 0
Mats = 0
Radio = 0
Component0 = 0
Component1 = 1016
Component2 = 1005
Component3 = 1006
Component4 = 0
Component5 = 0
Component6 = 1010
Component7 = 0
Component8 = 1074
Component9 = 1087
Component10 = 0
Component11 = 0
Component12 = 0
Component13 = 0
PaintJob = 999
Oruzije1 = -1
Municija1 = 0
Oruzije2 = -1
Municija2 = 0
Oruzije3 = -1
Municija3 = 0
Cena = 53000
Prodaja = 0
Neaktivnost = 0
Cannabis = 0
Kokain = 3
