Model = 551
X = 1431.098388
Y = -1088.361816
Z = 23.628219
A = 272.052764
Boja1 = 2
Boja2 = 1
Vlasnik = Johnny_Nelson
ImaVlasnika = 1
Zakljucan = 0
Droga = 0
Mats = 0
Radio = 0
Component0 = 0
Component1 = 1002
Component2 = 1005
Component3 = 1006
Component4 = 0
Component5 = 0
Component6 = 1010
Component7 = 1019
Component8 = 1074
Component9 = 1087
Component10 = 0
Component11 = 0
Component12 = 0
Component13 = 0
PaintJob = 999
Oruzije1 = -1
Municija1 = 0
Oruzije2 = -1
Municija2 = 0
Oruzije3 = -1
Municija3 = 0
Cena = 57000
Prodaja = 0
Neaktivnost = 0
Marihuana = 0
Cannabis = 0
Kokain = 0
