Model = 560
X = 930.284423
Y = -855.498840
Z = 93.148010
A = 26.124334
Boja1 = 13
Boja2 = 1
Vlasnik = Felix_Miller
ImaVlasnika = 1
Zakljucan = 0
Cannabis = 0
Kokain = 0
Mats = 0
Radio = 0
Component0 = 0
Component1 = 1139
Component2 = 0
Component3 = 1033
Component4 = 1031
Component5 = 0
Component6 = 1010
Component7 = 1029
Component8 = 1074
Component9 = 1087
Component10 = 1170
Component11 = 1140
Component12 = 0
Component13 = 0
PaintJob = 999
Oruzije1 = -1
Municija1 = 0
Oruzije2 = -1
Municija2 = 0
Oruzije3 = -1
Municija3 = 0
Cena = 290000
Prodaja = 0
Neaktivnost = 0
