Model = 470
X = -2635.177734
Y = 932.168884
Z = 71.688514
A = 182.138946
Boja1 = 0
Boja2 = 0
Vlasnik = Ray_Tyrax
ImaVlasnika = 1
Zakljucan = 0
Cannabis = 0
Kokain = 0
Mats = 0
Radio = 0
Component0 = 0
Component1 = 0
Component2 = 0
Component3 = 0
Component4 = 0
Component5 = 0
Component6 = 1010
Component7 = 0
Component8 = 1080
Component9 = 1087
Component10 = 0
Component11 = 0
Component12 = 0
Component13 = 0
PaintJob = 999
Oruzije1 = -1
Municija1 = 0
Oruzije2 = -1
Municija2 = 0
Oruzije3 = -1
Municija3 = 0
Cena = 1
Prodaja = 0
Neaktivnost = 0
