Model = 579
X = 1770.152221
Y = -1861.071289
Z = 13.470840
A = 89.517082
Boja1 = 3
Boja2 = 1
Vlasnik = Frank_Miller
ImaVlasnika = 1
Zakljucan = 1
Droga = 0
Mats = 0
Radio = 0
Component0 = 0
Component1 = 0
Component2 = 0
Component3 = 0
Component4 = 0
Component5 = 0
Component6 = 1010
Component7 = 0
Component8 = 1079
Component9 = 1087
Component10 = 0
Component11 = 0
Component12 = 0
Component13 = 0
PaintJob = 999
Oruzije1 = 31
Municija1 = 120
Oruzije2 = 24
Municija2 = 100
Oruzije3 = 27
Municija3 = 39
Cena = 190000
Prodaja = 0
Neaktivnost = 0
Cannabis = 0
Kokain = 0
