Model = 560
X = 1517.300048
Y = -689.805603
Z = 94.456451
A = 105.740287
Boja1 = 243
Boja2 = 152
Vlasnik = Derick_Wheeler
ImaVlasnika = 1
Zakljucan = 1
Droga = 0
Mats = 0
Radio = 0
Component0 = 0
Component1 = 1138
Component2 = 0
Component3 = 1032
Component4 = 1026
Component5 = 0
Component6 = 1010
Component7 = 1028
Component8 = 1080
Component9 = 1087
Component10 = 1169
Component11 = 1141
Component12 = 0
Component13 = 0
PaintJob = 999
Oruzije1 = -1
Municija1 = 0
Oruzije2 = -1
Municija2 = 0
Oruzije3 = -1
Municija3 = 0
Cena = 240000
Prodaja = 0
Neaktivnost = 0
Cannabis = 0
Kokain = 0
