Model = 415
X = 1364.037597
Y = -1264.400878
Z = 13.305500
A = 166.714797
Boja1 = 3
Boja2 = 1
Vlasnik = Franklin_Klinkton
ImaVlasnika = 1
Zakljucan = 0
Droga = 0
Mats = 0
Radio = 0
Component0 = 0
Component1 = 1003
Component2 = 0
Component3 = 0
Component4 = 1007
Component5 = 0
Component6 = 1010
Component7 = 1018
Component8 = 1082
Component9 = 1087
Component10 = 0
Component11 = 0
Component12 = 0
Component13 = 0
PaintJob = 999
Oruzije1 = -1
Municija1 = 0
Oruzije2 = -1
Municija2 = 0
Oruzije3 = -1
Municija3 = 0
Cena = 150000
Prodaja = 0
Neaktivnost = 0
Cannabis = 0
Kokain = 2
