Model = 541
X = 2157.151367
Y = -1793.727783
Z = 12.944192
A = 179.763397
Boja1 = 243
Boja2 = 1
Vlasnik = Uros_Vasiljevic
ImaVlasnika = 1
Zakljucan = 0
Droga = 0
Mats = 0
Radio = 0
Component0 = 0
Component1 = 0
Component2 = 0
Component3 = 0
Component4 = 0
Component5 = 0
Component6 = 1010
Component7 = 0
Component8 = 1080
Component9 = 1087
Component10 = 0
Component11 = 0
Component12 = 0
Component13 = 0
PaintJob = 999
Oruzije1 = -1
Municija1 = 0
Oruzije2 = 31
Municija2 = 270
Oruzije3 = 29
Municija3 = 450
Cena = 280000
Prodaja = 0
Neaktivnost = 0
Cannabis = 0
Kokain = 0
