Model = 560
X = 924.289550
Y = -847.257629
Z = 93.172317
A = 294.149414
Boja1 = 13
Boja2 = 13
Vlasnik = Miljan_Miller
ImaVlasnika = 1
Zakljucan = 0
Cannabis = 0
Kokain = 0
Mats = 0
Radio = 0
Component0 = 0
Component1 = 1138
Component2 = 0
Component3 = 1033
Component4 = 1026
Component5 = 0
Component6 = 1010
Component7 = 1029
Component8 = 1074
Component9 = 1087
Component10 = 1169
Component11 = 1141
Component12 = 0
Component13 = 0
PaintJob = 999
Oruzije1 = 30
Municija1 = 1300
Oruzije2 = 30
Municija2 = 1300
Oruzije3 = -1
Municija3 = 0
Cena = 290000
Prodaja = 0
Neaktivnost = 0
