Model = 559
X = 1247.280395
Y = -2044.076293
Z = 59.645565
A = 269.171234
Boja1 = 1
Boja2 = 1
Vlasnik = Fike_Hazzard
ImaVlasnika = 1
Zakljucan = 0
Droga = 0
Mats = 0
Radio = 0
Component0 = 0
Component1 = 1162
Component2 = 0
Component3 = 1068
Component4 = 1070
Component5 = 0
Component6 = 1010
Component7 = 1066
Component8 = 1080
Component9 = 1087
Component10 = 1160
Component11 = 1161
Component12 = 0
Component13 = 0
PaintJob = 999
Oruzije1 = -1
Municija1 = 0
Oruzije2 = -1
Municija2 = 0
Oruzije3 = -1
Municija3 = 0
Cena = 190000
Prodaja = 0
Neaktivnost = 0
Cannabis = 0
Kokain = 0
