Model = 451
X = 2172.975097
Y = -1806.131713
Z = 13.036700
A = 359.253234
Boja1 = 2
Boja2 = 1
Vlasnik = Aleksa_Rolex
ImaVlasnika = 1
Zakljucan = 0
Cannabis = 0
Kokain = 0
Mats = 0
Radio = 0
Component0 = 0
Component1 = 0
Component2 = 0
Component3 = 0
Component4 = 0
Component5 = 0
Component6 = 1010
Component7 = 0
Component8 = 1074
Component9 = 1087
Component10 = 0
Component11 = 0
Component12 = 0
Component13 = 0
PaintJob = 999
Oruzije1 = -1
Municija1 = 0
Oruzije2 = -1
Municija2 = 0
Oruzije3 = -1
Municija3 = 0
Cena = 330000
Prodaja = 0
Neaktivnost = 0
