Model = 540
X = 1228.467895
Y = -811.639099
Z = 87.484855
A = 271.056365
Boja1 = 3
Boja2 = 1
Vlasnik = David_Capone
ImaVlasnika = 1
Zakljucan = 0
Droga = 0
Mats = 0
Radio = 0
Component0 = 0
Component1 = 1023
Component2 = 1004
Component3 = 1006
Component4 = 1007
Component5 = 1024
Component6 = 1010
Component7 = 1019
Component8 = 1074
Component9 = 0
Component10 = 0
Component11 = 0
Component12 = 0
Component13 = 1145
PaintJob = 999
Oruzije1 = -1
Municija1 = 0
Oruzije2 = -1
Municija2 = 0
Oruzije3 = -1
Municija3 = 0
Cena = 56000
Prodaja = 0
Neaktivnost = 0
Cannabis = 0
Kokain = 0
