Model = 533
X = 2162.526123
Y = -1807.256225
Z = 13.081891
A = 359.343902
Boja1 = 2
Boja2 = 1
Vlasnik = Nikola_Markovic
ImaVlasnika = 1
Zakljucan = 0
Droga = 0
Mats = 0
Radio = 0
Component0 = 0
Component1 = 0
Component2 = 0
Component3 = 0
Component4 = 0
Component5 = 0
Component6 = 1010
Component7 = 0
Component8 = 1098
Component9 = 0
Component10 = 0
Component11 = 0
Component12 = 0
Component13 = 0
PaintJob = 999
Oruzije1 = 24
Municija1 = 95
Oruzije2 = -1
Municija2 = 0
Oruzije3 = -1
Municija3 = 0
Cena = 75000
Prodaja = 0
Neaktivnost = 0
Cannabis = 0
Kokain = 0
