Model = 547
X = 1697.730834
Y = -1939.627929
Z = 13.290616
A = 359.665618
Boja1 = 2
Boja2 = 1
Vlasnik = Darko_Bezarevic
ImaVlasnika = 1
Zakljucan = 0
Droga = 0
Mats = 0
Radio = 0
Component0 = 0
Component1 = 1003
Component2 = 0
Component3 = 0
Component4 = 0
Component5 = 0
Component6 = 1010
Component7 = 1018
Component8 = 1082
Component9 = 0
Component10 = 0
Component11 = 0
Component12 = 0
Component13 = 1143
PaintJob = 999
Oruzije1 = 25
Municija1 = 60
Oruzije2 = 5
Municija2 = 1
Oruzije3 = -1
Municija3 = 0
Cena = 51000
Prodaja = 0
Neaktivnost = 0
Cannabis = 0
Kokain = 0
