Model = 541
X = 1333.216918
Y = -917.287963
Z = 36.034515
A = 72.124801
Boja1 = 1
Boja2 = 1
Vlasnik = Feka_Shady
ImaVlasnika = 1
Zakljucan = 0
Cannabis = 0
Kokain = 0
Mats = 0
Radio = 0
Component0 = 0
Component1 = 0
Component2 = 0
Component3 = 0
Component4 = 0
Component5 = 0
Component6 = 1010
Component7 = 0
Component8 = 1078
Component9 = 0
Component10 = 0
Component11 = 0
Component12 = 0
Component13 = 0
PaintJob = 999
Oruzije1 = -1
Municija1 = 0
Oruzije2 = -1
Municija2 = 0
Oruzije3 = -1
Municija3 = 0
Cena = 320000
Prodaja = 0
Neaktivnost = 0
