Model = 468
X = 2162.564208
Y = -1809.076293
Z = 13.043706
A = 354.932617
Boja1 = 1
Boja2 = 1
Vlasnik = Luka_Lazic
ImaVlasnika = 1
Zakljucan = 0
Droga = 10
Mats = 0
Radio = 0
Component0 = 0
Component1 = 0
Component2 = 0
Component3 = 0
Component4 = 0
Component5 = 0
Component6 = 0
Component7 = 0
Component8 = 0
Component9 = 0
Component10 = 0
Component11 = 0
Component12 = 0
Component13 = 0
PaintJob = 999
Oruzije1 = 31
Municija1 = 438
Oruzije2 = 25
Municija2 = 38
Oruzije3 = -1
Municija3 = 0
Cena = 35000
Prodaja = 0
Neaktivnost = 0
Marihuana = 274
Cannabis = 14
Kokain = 8
