Model = 411
X = 1246.903320
Y = -2058.285644
Z = 59.486568
A = 268.547180
Boja1 = 3
Boja2 = 1
Vlasnik = Bojan_Lazic
ImaVlasnika = 1
Zakljucan = 0
Droga = 0
Mats = 0
Radio = 0
Component0 = 0
Component1 = 0
Component2 = 0
Component3 = 0
Component4 = 0
Component5 = 0
Component6 = 1010
Component7 = 0
Component8 = 1082
Component9 = 1087
Component10 = 0
Component11 = 0
Component12 = 0
Component13 = 0
PaintJob = 999
Oruzije1 = 29
Municija1 = 100
Oruzije2 = 31
Municija2 = 150
Oruzije3 = -1
Municija3 = 0
Cena = 330000
Prodaja = 0
Neaktivnost = 0
Cannabis = 0
Kokain = 0
