Model = 559
X = 1777.715454
Y = -1861.161376
Z = 13.234297
A = 91.721885
Boja1 = 0
Boja2 = 2
Vlasnik = Djomla_White
ImaVlasnika = 1
Zakljucan = 0
Droga = 0
Mats = 0
Radio = 0
Component0 = 0
Component1 = 1158
Component2 = 0
Component3 = 1068
Component4 = 0
Component5 = 0
Component6 = 1010
Component7 = 0
Component8 = 1074
Component9 = 0
Component10 = 1173
Component11 = 1161
Component12 = 0
Component13 = 0
PaintJob = 999
Oruzije1 = 31
Municija1 = 150
Oruzije2 = -1
Municija2 = 0
Oruzije3 = -1
Municija3 = 0
Cena = 190000
Prodaja = 0
Neaktivnost = 0
Cannabis = 0
Kokain = 0
