Model = 426
X = 1953.982543
Y = -2028.071777
Z = 13.289908
A = 356.740264
Boja1 = 0
Boja2 = 0
Vlasnik = Vito_Vercetti
ImaVlasnika = 1
Zakljucan = 0
Droga = 0
Mats = 0
Radio = 0
Component0 = 0
Component1 = 0
Component2 = 0
Component3 = 0
Component4 = 0
Component5 = 0
Component6 = 0
Component7 = 0
Component8 = 0
Component9 = 0
Component10 = 0
Component11 = 0
Component12 = 0
Component13 = 0
PaintJob = 999
Oruzije1 = 31
Municija1 = 200
Oruzije2 = 31
Municija2 = 200
Oruzije3 = 31
Municija3 = 200
Cena = 66000
Prodaja = 0
Neaktivnost = 0
Marihuana = 19
Cannabis = 0
Kokain = 0
