Model = 562
X = 2187.839111
Y = -1805.856689
Z = 13.031878
A = 359.814971
Boja1 = 3
Boja2 = 2
Vlasnik = Djomla_White
ImaVlasnika = 1
Zakljucan = 1
Droga = 0
Mats = 0
Radio = 0
Component0 = 0
Component1 = 1147
Component2 = 0
Component3 = 1035
Component4 = 1036
Component5 = 0
Component6 = 1010
Component7 = 1037
Component8 = 1074
Component9 = 0
Component10 = 1172
Component11 = 0
Component12 = 0
Component13 = 0
PaintJob = 999
Oruzije1 = -1
Municija1 = 0
Oruzije2 = -1
Municija2 = 0
Oruzije3 = -1
Municija3 = 0
Cena = 180000
Prodaja = 0
Neaktivnost = 0
Cannabis = 0
Kokain = 0
