Model = 562
X = 1431.379028
Y = -1083.468872
Z = 23.525930
A = 269.801116
Boja1 = 79
Boja2 = 25
Vlasnik = Petter_Blood
ImaVlasnika = 1
Zakljucan = 0
Droga = 0
Mats = 0
Radio = 0
Component0 = 0
Component1 = 1147
Component2 = 0
Component3 = 1035
Component4 = 1039
Component5 = 0
Component6 = 1010
Component7 = 1037
Component8 = 1074
Component9 = 1087
Component10 = 1171
Component11 = 1149
Component12 = 0
Component13 = 0
PaintJob = 999
Oruzije1 = -1
Municija1 = 0
Oruzije2 = -1
Municija2 = 0
Oruzije3 = -1
Municija3 = 0
Cena = 180000
Prodaja = 0
Neaktivnost = 0
Cannabis = 0
Kokain = 0
