Model = 468
X = 1418.443359
Y = -1709.164062
Z = 13.215290
A = 267.403015
Boja1 = 1
Boja2 = 1
Vlasnik = Pedja_Kolasinac
ImaVlasnika = 1
Zakljucan = 0
Droga = 4919
Mats = 0
Radio = 0
Component0 = 0
Component1 = 0
Component2 = 0
Component3 = 0
Component4 = 0
Component5 = 0
Component6 = 0
Component7 = 0
Component8 = 0
Component9 = 0
Component10 = 0
Component11 = 0
Component12 = 0
Component13 = 0
PaintJob = 999
Oruzije1 = 22
Municija1 = 398
Oruzije2 = 25
Municija2 = 134
Oruzije3 = -1
Municija3 = 0
Cena = 22000
Prodaja = 0
Neaktivnost = 0
Marihuana = 19
Cannabis = 0
Kokain = 0
