Model = 562
X = 562.795166
Y = -1158.031982
Z = 54.087539
A = 116.710800
Boja1 = 1
Boja2 = 1
Vlasnik = Ivan_Fratelo
ImaVlasnika = 1
Zakljucan = 0
Cannabis = 0
Kokain = 0
Mats = 0
Radio = 0
Component0 = 0
Component1 = 1146
Component2 = 0
Component3 = 1035
Component4 = 1039
Component5 = 0
Component6 = 1010
Component7 = 1037
Component8 = 1077
Component9 = 0
Component10 = 1172
Component11 = 1148
Component12 = 0
Component13 = 0
PaintJob = 999
Oruzije1 = -1
Municija1 = 0
Oruzije2 = -1
Municija2 = 0
Oruzije3 = -1
Municija3 = 0
Cena = 240000
Prodaja = 0
Neaktivnost = 0
