Model = 560
X = 1946.678833
Y = -2032.403076
Z = 13.251426
A = 160.525024
Boja1 = 36
Boja2 = 125
Vlasnik = Pedja_Montana
ImaVlasnika = 1
Zakljucan = 0
Cannabis = 0
Kokain = 0
Mats = 0
Radio = 0
Component0 = 0
Component1 = 1138
Component2 = 0
Component3 = 0
Component4 = 1026
Component5 = 0
Component6 = 1010
Component7 = 0
Component8 = 1085
Component9 = 0
Component10 = 1169
Component11 = 1141
Component12 = 0
Component13 = 0
PaintJob = 999
Oruzije1 = -1
Municija1 = 0
Oruzije2 = -1
Municija2 = 0
Oruzije3 = -1
Municija3 = 0
Cena = 1
Prodaja = 0
Neaktivnost = 0
