Model = 426
X = 1802.525024
Y = -1867.735229
Z = 13.319206
A = 0.210712
Boja1 = 1
Boja2 = 2
Vlasnik = Yosh_Wink
ImaVlasnika = 1
Zakljucan = 1
Droga = 0
Mats = 80
Radio = 0
Component0 = 0
Component1 = 0
Component2 = 0
Component3 = 1006
Component4 = 0
Component5 = 0
Component6 = 1010
Component7 = 1021
Component8 = 1073
Component9 = 0
Component10 = 0
Component11 = 0
Component12 = 0
Component13 = 0
PaintJob = 999
Oruzije1 = -1
Municija1 = 0
Oruzije2 = -1
Municija2 = 0
Oruzije3 = -1
Municija3 = 0
Cena = 66000
Prodaja = 0
Neaktivnost = 0
Marihuana = 25
Cannabis = 0
Kokain = 2
