Model = 540
X = 1960.558593
Y = -1244.093139
Z = 19.813625
A = 90.113090
Boja1 = 2
Boja2 = 1
Vlasnik = Boki_White
ImaVlasnika = 1
Zakljucan = 0
Droga = 0
Mats = 0
Radio = 0
Component0 = 0
Component1 = 1023
Component2 = 1004
Component3 = 0
Component4 = 0
Component5 = 0
Component6 = 1010
Component7 = 0
Component8 = 1074
Component9 = 0
Component10 = 0
Component11 = 0
Component12 = 0
Component13 = 1143
PaintJob = 999
Oruzije1 = -1
Municija1 = 0
Oruzije2 = -1
Municija2 = 0
Oruzije3 = -1
Municija3 = 0
Cena = 56000
Prodaja = 0
Neaktivnost = 0
Cannabis = 0
Kokain = 0
