Move6=90.785156
Move5=0.000000
Move4=0.000000
Move3=3.610602
Move2=-1268.326293
Move1=696.370239
World=0
Interior=0
Pos6=90.785156
Pos5=0.000000
Pos4=0.000000
Pos3=15.390602
Pos2=-1268.326293
Pos1=696.370239
Time=8000
Radius=13.000000
Speed=7.000000
OrgID=7
For=1
Model=19912

