Move6=-0.658984
Move5=0.000000
Move4=0.000000
Move3=-22.086662
Move2=1981.075805
Move1=699.384277
World=1
Interior=12
Pos6=-0.658984
Pos5=0.000000
Pos4=0.000000
Pos3=-22.086662
Pos2=1981.054321
Pos1=701.174194
Time=5000
Radius=8.000000
Speed=8.000000
OrgID=1
For=1
Model=19302

