Move6=-89.647575
Move5=0.000000
Move4=0.000000
Move3=14.331596
Move2=-1158.203857
Move1=785.898193
World=0
Interior=0
Pos6=-89.647575
Pos5=0.000000
Pos4=0.000000
Pos3=25.331598
Pos2=-1158.203857
Pos1=785.898193
Time=8000
Radius=13.000000
Speed=7.000000
OrgID=7
For=1
Model=19912

