Move6=-88.968559
Move5=0.400098
Move4=-0.600000
Move3=13.237075
Move2=-1630.857543
Move1=1544.699584
World=0
Interior=0
Pos6=-88.968559
Pos5=-89.299926
Pos4=-0.600000
Pos3=13.237075
Pos2=-1630.857543
Pos1=1544.699584
Time=10000
Radius=8.000000
Speed=5.000000
OrgID=1
For=1
Model=968

