Move6=-122.300590
Move5=0.000000
Move4=0.000000
Move3=3.833748
Move2=-1586.441894
Move1=2829.323730
World=0
Interior=0
Pos6=-122.300590
Pos5=0.000000
Pos4=0.000000
Pos3=12.793750
Pos2=-1586.441894
Pos1=2829.323730
Time=8000
Radius=13.000000
Speed=7.000000
OrgID=10
For=1
Model=19912

