Move6=269.542205
Move5=0.000000
Move4=0.000000
Move3=43.896923
Move2=-2058.919189
Move1=1282.747680
World=0
Interior=0
Pos6=269.542205
Pos5=0.000000
Pos4=0.000000
Pos3=60.456924
Pos2=-2058.919189
Pos1=1282.747680
Time=8000
Radius=13.000000
Speed=7.000000
OrgID=8
For=1
Model=19912

