Move6=-0.326818
Move5=0.000000
Move4=0.000000
Move3=81.392944
Move2=-767.291137
Move1=1251.208374
World=0
Interior=0
Pos6=-0.326818
Pos5=0.000000
Pos4=0.000000
Pos3=93.772949
Pos2=-767.291137
Pos1=1251.208374
Time=8000
Radius=13.000000
Speed=7.000000
OrgID=9
For=1
Model=19912

