Move6=0.335717
Move5=0.000000
Move4=0.000000
Move3=-6.155592
Move2=682.689086
Move1=2646.545898
World=0
Interior=0
Pos6=0.335717
Pos5=0.000000
Pos4=0.000000
Pos3=10.704410
Pos2=682.689086
Pos1=2646.545898
Time=10000
Radius=8.000000
Speed=7.000000
OrgID=-1
For=3
Model=971

