Move6=65.533897
Move5=0.000000
Move4=0.000000
Move3=0.697724
Move2=-1221.633544
Move1=661.520019
World=0
Interior=0
Pos6=65.533897
Pos5=0.000000
Pos4=0.000000
Pos3=16.997722
Pos2=-1221.633544
Pos1=661.520019
Time=8000
Radius=13.000000
Speed=7.000000
OrgID=7
For=1
Model=19912

