Move6=181.282531
Move5=0.000000
Move4=0.000000
Move3=2.830934
Move2=-1310.105957
Move1=659.129882
World=0
Interior=0
Pos6=181.282531
Pos5=0.000000
Pos4=0.000000
Pos3=15.190935
Pos2=-1310.105957
Pos1=659.129882
Time=8000
Radius=13.000000
Speed=7.000000
OrgID=7
For=1
Model=19912

