Move6=0.046566
Move5=0.000000
Move4=0.000000
Move3=1.567700
Move2=1483.278442
Move1=2572.720947
World=0
Interior=0
Pos6=0.046566
Pos5=0.000000
Pos4=0.000000
Pos3=12.427704
Pos2=1483.278442
Pos1=2572.720947
Time=10000
Radius=8.000000
Speed=8.000000
OrgID=-1
For=4
Model=19912

