Move6=-1.704525
Move5=0.000000
Move4=0.000000
Move3=-9.227607
Move2=305.269287
Move1=-509.153961
World=0
Interior=0
Pos6=-1.704525
Pos5=0.000000
Pos4=0.000000
Pos3=4.922391
Pos2=305.269287
Pos1=-509.153961
Time=10000
Radius=8.000000
Speed=8.000000
OrgID=-1
For=5
Model=19912

