Move6=-179.980453
Move5=0.000000
Move4=0.000000
Move3=5.504903
Move2=-1384.593505
Move1=777.908935
World=0
Interior=0
Pos6=-179.980453
Pos5=0.000000
Pos4=0.000000
Pos3=13.374906
Pos2=-1384.593505
Pos1=777.908935
Time=8000
Radius=8.000000
Speed=6.000000
OrgID=2
For=1
Model=971

