Move6=0.206709
Move5=0.000000
Move4=0.000000
Move3=2.671741
Move2=-1330.307495
Move1=777.751220
World=0
Interior=0
Pos6=0.206709
Pos5=0.000000
Pos4=0.000000
Pos3=13.571750
Pos2=-1330.307495
Pos1=777.751220
Time=8000
Radius=8.000000
Speed=6.000000
OrgID=2
For=1
Model=971

