Move6=179.826202
Move5=0.999999
Move4=-0.099999
Move3=6.863810
Move2=-1637.874389
Move1=1588.432861
World=0
Interior=0
Pos6=179.826202
Pos5=0.999999
Pos4=-0.099999
Pos3=15.202515
Pos2=-1637.887451
Pos1=1588.288085
Time=10000
Radius=8.000000
Speed=7.000000
OrgID=1
For=1
Model=980

