Move6=-0.173669
Move5=0.000000
Move4=0.000000
Move3=0.921877
Move2=1603.470825
Move1=2513.087890
World=0
Interior=0
Pos6=-0.173669
Pos5=0.000000
Pos4=0.000000
Pos3=12.431878
Pos2=1603.470825
Pos1=2513.087890
Time=10000
Radius=8.000000
Speed=8.000000
OrgID=-1
For=4
Model=19912

