Move6=268.811065
Move5=0.000000
Move4=0.000000
Move3=46.353271
Move2=-2070.390869
Move1=1282.636352
World=0
Interior=0
Pos6=268.811065
Pos5=0.000000
Pos4=0.000000
Pos3=60.523277
Pos2=-2070.390869
Pos1=1282.636352
Time=8000
Radius=13.000000
Speed=7.000000
OrgID=8
For=1
Model=19912

