Move6=-89.525329
Move5=0.000000
Move4=0.000000
Move3=-22.086658
Move2=1974.707153
Move1=707.574035
World=1
Interior=12
Pos6=-89.525329
Pos5=0.000000
Pos4=0.000000
Pos3=-22.086658
Pos2=1976.427001
Pos1=707.559997
Time=5000
Radius=8.000000
Speed=5.000000
OrgID=1
For=1
Model=19302

