ProveraVlasnika = 0
Vlasnik = Niko
Vrsta = Villa
UlazX = 1285.244262
UlazY = -1090.111572
UlazZ = 28.257812
IzlazX = 140.260498
IzlazY = 1367.422119
IzlazZ = 1083.861450
Level = 12
Cena = 300000
Novac = 0
Interior = 5
Zatvoreno = 1
VW = 96
Oruzije = -1
Municija = 0
Rent = 0
CenaRenta = 50
Zvono = 0
Heal = 0
Mats = 0
Cannabis = 0
Kokain = 0
Odjeca = 0
VrstaIntKuce = 4
Hrana = 0
Neaktivnost = 0
