atmExists=true
atmVremeDoRoba=120
atmProbijenBios=false
atmPreseceneZice=true
atmPos6=0.180838
atmPos5=0.000000
atmPos4=0.000000
atmPos3=23.420467
atmPos2=-1022.615478
atmPos1=1484.271118

