atmExists=true
atmVremeDoRoba=0
atmProbijenBios=false
atmPreseceneZice=false
atmPos6=-177.558578
atmPos5=0.000000
atmPos4=0.000000
atmPos3=23.689088
atmPos2=-1532.777465
atmPos1=2532.843017

