atmExists=true
atmVremeDoRoba=0
atmProbijenBios=false
atmPreseceneZice=false
atmPos6=-139.967178
atmPos5=0.000000
atmPos4=0.000000
atmPos3=17.488994
atmPos2=-1276.517456
atmPos1=533.197265

