atmExists=true
atmVremeDoRoba=0
atmProbijenBios=false
atmPreseceneZice=false
atmPos6=-87.386405
atmPos5=0.000000
atmPos4=0.000000
atmPos3=13.164895
atmPos2=-1350.516479
atmPos1=957.115905

