atmExists=true
atmVremeDoRoba=0
atmProbijenBios=false
atmPreseceneZice=false
atmPos6=-90.912994
atmPos5=0.000000
atmPos4=0.000000
atmPos3=13.108086
atmPos2=-2012.609130
atmPos1=1986.192993

