atmExists=true
atmVremeDoRoba=120
atmProbijenBios=false
atmPreseceneZice=true
atmPos6=-0.107689
atmPos5=0.000000
atmPos4=0.000000
atmPos3=23.428112
atmPos2=-1022.581420
atmPos1=1437.194335

