atmExists=true
atmVremeDoRoba=0
atmProbijenBios=false
atmPreseceneZice=false
atmPos6=92.117904
atmPos5=0.000000
atmPos4=0.000000
atmPos3=13.138682
atmPos2=-1813.219848
atmPos1=1475.237426

