atmExists=true
atmVremeDoRoba=0
atmProbijenBios=false
atmPreseceneZice=false
atmPos6=89.666419
atmPos5=0.000000
atmPos4=0.000000
atmPos3=13.132997
atmPos2=-1786.255981
atmPos1=1929.619750

