atmExists=true
atmVremeDoRoba=0
atmProbijenBios=false
atmPreseceneZice=false
atmPos6=167.827957
atmPos5=0.000000
atmPos4=0.000000
atmPos3=15.019000
atmPos2=-1666.862548
atmPos1=2249.524658

