atmExists=true
atmVremeDoRoba=0
atmProbijenBios=false
atmPreseceneZice=false
atmPos6=89.941276
atmPos5=0.000000
atmPos4=0.000000
atmPos3=13.425989
atmPos2=-2179.982421
atmPos1=1453.501953

