atmExists=true
atmVremeDoRoba=60
atmProbijenBios=false
atmPreseceneZice=true
atmPos6=-179.449569
atmPos5=0.000000
atmPos4=0.000000
atmPos3=25.602184
atmPos2=-1178.462280
atmPos1=1425.036865

