atmExists=true
atmVremeDoRoba=0
atmProbijenBios=false
atmPreseceneZice=false
atmPos6=-50.016414
atmPos5=0.000000
atmPos4=0.000000
atmPos3=12.322601
atmPos2=-1309.471191
atmPos1=1308.788085

