atmExists=true
atmVremeDoRoba=0
atmProbijenBios=false
atmPreseceneZice=false
atmPos6=90.188301
atmPos5=0.000000
atmPos4=0.000000
atmPos3=44.789005
atmPos2=-903.693969
atmPos1=1190.101562

