ObjRot3=178.129364
ObjRot2=0.000000
ObjRot1=0.000000
ObjPos3=13.794596
ObjPos2=-1963.649536
ObjPos1=1968.387939

