ObjRot3=89.572700
ObjRot2=0.000000
ObjRot1=0.000000
ObjPos3=13.689993
ObjPos2=-1473.460937
ObjPos1=1991.397583

