ObjRot3=-87.797737
ObjRot2=0.000000
ObjRot1=0.000000
ObjPos3=13.529302
ObjPos2=-1272.748901
ObjPos1=1286.635375

