ObjRot3=-65.288009
ObjRot2=0.000000
ObjRot1=0.000000
ObjPos3=34.399093
ObjPos2=-925.004516
ObjPos1=1358.190429

