ObjRot3=-1.131895
ObjRot2=0.000000
ObjRot1=0.000000
ObjPos3=13.536868
ObjPos2=-1628.460083
ObjPos1=1992.724365

