ObjRot3=-130.697784
ObjRot2=0.000000
ObjRot1=0.000000
ObjPos3=13.656869
ObjPos2=-1724.616577
ObjPos1=1537.326416

