ObjRot3=92.011039
ObjRot2=0.000000
ObjRot1=0.000000
ObjPos3=13.576869
ObjPos2=-1335.659301
ObjPos1=824.026733

