ObjRot3=-125.117218
ObjRot2=0.000000
ObjRot1=0.000000
ObjPos3=23.945919
ObjPos2=-1148.304809
ObjPos1=1414.384887

