ObjRot3=-3.273875
ObjRot2=0.000000
ObjRot1=0.000000
ObjPos3=15.984243
ObjPos2=-1267.659667
ObjPos1=495.422393

