ProveraVlasnika = 0
Vlasnik = Niko
Vrsta = Srednja Kuca
UlazX = 2110.776367
UlazY = -1244.165405
UlazZ = 25.851562
IzlazX = 2365.282226
IzlazY = -1134.518554
IzlazZ = 1050.875000
Level = 6
Cena = 100000
Novac = 0
Interior = 8
Zatvoreno = 1
VW = 67
Oruzije = -1
Municija = 0
Rent = 0
CenaRenta = 50
Zvono = 0
Heal = 0
Mats = 0
Droga = 0
Odjeca = 0
VrstaIntKuce = 2
Hrana = 0
Neaktivnost = 0
Cannabis = 0
Kokain = 0
