ProveraVlasnika = 1
Vlasnik = Kleni_Schwarz
Vrsta = Velika Kuca
UlazX = 1112.640380
UlazY = -742.170593
UlazZ = 100.132926
IzlazX = 2324.481689
IzlazY = -1148.398803
IzlazZ = 1050.710083
Level = 9
Cena = 190000
Novac = 3272999
Interior = 12
Zatvoreno = 1
VW = 9
Oruzije = -1
Municija = 0
Rent = 0
CenaRenta = 50
Zvono = 1
Heal = 1
Mats = 0
Droga = 0
Odjeca = 120
VrstaIntKuce = 3
Hrana = 0
Neaktivnost = 110
Cannabis = 0
Kokain = 0
