ProveraVlasnika = 0
Vlasnik = Niko
Vrsta = Srednja Kuca
UlazX = 1421.598999
UlazY = -886.230346
UlazZ = 50.686161
IzlazX = 2269.396240
IzlazY = -1210.414794
IzlazZ = 1047.562500
Level = 6
Cena = 100000
Novac = 0
Interior = 10
Zatvoreno = 1
VW = 1
Oruzije = -1
Municija = 0
Rent = 0
CenaRenta = 50
Zvono = 1
Heal = 1
Mats = 0
Droga = 0
Odjeca = 0
VrstaIntKuce = 2
Hrana = 0
Neaktivnost = 0
Cannabis = 0
Kokain = 0
