ProveraVlasnika = 1
Vlasnik = Djole_White
Vrsta = Srednja Kuca
UlazX = 315.809234
UlazY = -1769.431274
UlazZ = 4.621798
IzlazX = 2365.282226
IzlazY = -1134.518554
IzlazZ = 1050.875000
Level = 6
Cena = 100000
Novac = 0
Interior = 8
Zatvoreno = 1
VW = 182
Oruzije = -1
Municija = 0
Rent = 0
CenaRenta = 50
Zvono = 0
Heal = 1
Mats = 0
Droga = 0
Odjeca = 0
VrstaIntKuce = 2
Hrana = 0
Neaktivnost = 139
Marihuana = 0
Cannabis = 0
Kokain = 0
