ProveraVlasnika = 1
Vlasnik = Nikola_White
Vrsta = Villa
UlazX = 300.236175
UlazY = -1154.446899
UlazZ = 81.389900
IzlazX = 140.260498
IzlazY = 1367.422119
IzlazZ = 1083.861450
Level = 10
Cena = 260000
Novac = 120000
Interior = 5
Zatvoreno = 1
VW = 324
Oruzije = -1
Municija = 0
Rent = 0
CenaRenta = 50
Zvono = 0
Heal = 0
Mats = 0
Droga = 0
Odjeca = 0
VrstaIntKuce = 4
Hrana = 0
Neaktivnost = 17
Cannabis = 0
Kokain = 0
