ProveraVlasnika = 0
Vlasnik = Niko
Vrsta = Mala Kuca
UlazX = 2140.317382
UlazY = -1082.496459
UlazZ = 24.928020
IzlazX = 2308.752685
IzlazY = -1211.750732
IzlazZ = 1049.023437
Level = 4
Cena = 55000
Novac = 0
Interior = 6
Zatvoreno = 1
VW = 284
Oruzije = -1
Municija = 0
Rent = 0
CenaRenta = 50
Zvono = 0
Heal = 1
Mats = 0
Droga = 0
Odjeca = 0
VrstaIntKuce = 1
Hrana = 0
Neaktivnost = 0
Cannabis = 0
Kokain = 0
