ProveraVlasnika = 1
Vlasnik = Johny_Kayne
Vrsta = Velika Kuca
UlazX = 1332.026611
UlazY = -633.427612
UlazZ = 109.134902
IzlazX = 2317.897705
IzlazY = -1025.772216
IzlazZ = 1050.210937
Level = 9
Cena = 190000
Novac = 310000
Interior = 9
Zatvoreno = 1
VW = 313
Oruzije = -1
Municija = 0
Rent = 0
CenaRenta = 50
Zvono = 0
Heal = 0
Mats = 0
Droga = 0
Odjeca = 0
VrstaIntKuce = 3
Hrana = 0
Neaktivnost = 110
Cannabis = 0
Kokain = 0
