ProveraVlasnika = 1
Vlasnik = Johny_Kayne
Vrsta = Mala Kuca
UlazX = 2512.677978
UlazY = -1027.564331
UlazZ = 70.085937
IzlazX = 223.073196
IzlazY = 1288.366821
IzlazZ = 1082.140625
Level = 4
Cena = 55000
Novac = 0
Interior = 1
Zatvoreno = 1
VW = 26
Oruzije = -1
Municija = 0
Rent = 0
CenaRenta = 50
Zvono = 0
Heal = 0
Mats = 0
Droga = 0
Odjeca = 0
VrstaIntKuce = 1
Hrana = 0
Neaktivnost = 110
Marihuana = 0
Cannabis = 0
Kokain = 0
