ProveraVlasnika = 0
Vlasnik = Niko
Vrsta = Villa
UlazX = 298.822448
UlazY = -1338.508178
UlazZ = 53.441513
IzlazX = 225.981002
IzlazY = 1022.818969
IzlazZ = 1084.013671
Level = 12
Cena = 260000
Novac = 0
Interior = 7
Zatvoreno = 1
VW = 311
Oruzije = -1
Municija = 0
Rent = 0
CenaRenta = 50
Zvono = 1
Heal = 0
Mats = 0
Droga = 0
Odjeca = 0
VrstaIntKuce = 4
Hrana = 0
Neaktivnost = 0
Cannabis = 0
Kokain = 0
