ProveraVlasnika = 1
Vlasnik = Derick_Wheeler
Vrsta = Villa
UlazX = 1497.120971
UlazY = -688.655639
UlazZ = 95.322273
IzlazX = 225.981002
IzlazY = 1022.818969
IzlazZ = 1084.013671
Level = 12
Cena = 260000
Novac = 0
Interior = 7
Zatvoreno = 1
VW = 0
Oruzije = -1
Municija = 0
Rent = 0
CenaRenta = 1000
Zvono = 0
Heal = 0
Mats = 0
Droga = 0
Odjeca = 0
VrstaIntKuce = 4
Hrana = 0
Neaktivnost = 111
Cannabis = 0
Kokain = 0
