ProveraVlasnika = 1
Vlasnik = Felix_Miller
Vrsta = Mala Kuca
UlazX = 937.908020
UlazY = -848.694580
UlazZ = 93.577384
IzlazX = 261.045684
IzlazY = 1285.482421
IzlazZ = 1080.257812
Level = 4
Cena = 55000
Novac = 533600
Interior = 4
Zatvoreno = 1
VW = 183
Oruzije = -1
Municija = -1
Rent = 0
CenaRenta = 1
Zvono = 1
Heal = 1
Mats = 0
Droga = 0
Odjeca = 0
VrstaIntKuce = 1
Hrana = 26
Neaktivnost = 110
Cannabis = 0
Kokain = 0
