ImaVlasnika = 0
Vlasnik = Niko
Vrsta = 2
Naziv = Cluckin' Bell
Iznuda = Niko
UlazX = 1195.4520
UlazY = -907.2170
UlazZ = 43.4314
IzlazX = 366.032409
IzlazY = -72.639999
IzlazZ = 1001.507812
Level = 10
Cena = 850000
Kasa = 0
Int = 10
Zatvoreno = 0
Proizvodi = 238
MaxProizvodi = 300
VW = 57
Neaktivnost = 116
