ImaVlasnika = 0
Vlasnik = Niko
Vrsta = 18
Naziv = Boat Pump
Iznuda = Niko
UlazX = 154.279739
UlazY = -1946.135253
UlazZ = 5.088060
IzlazX = 0.000000
IzlazY = 0.000000
IzlazZ = 0.000000
Level = 8
Cena = 100000
Kasa = 0
Int = 0
Zatvoreno = 0
Proizvodi = 300
MaxProizvodi = 300
VW = 64
Neaktivnost = 0
