ImaVlasnika = 0
Vlasnik = Niko
Vrsta = 9
Naziv = Binco
Iznuda = Niko
UlazX = 2244.409179
UlazY = -1665.173706
UlazZ = 15.476552
IzlazX = 207.766204
IzlazY = -111.266296
IzlazZ = 1005.132812
Level = 5
Cena = 160000
Kasa = 0
Int = 15
Zatvoreno = 1
Proizvodi = 300
MaxProizvodi = 300
VW = 31
Neaktivnost = 0
