ImaVlasnika = 0
Vlasnik = Niko
Vrsta = 18
Naziv = Trafika
Iznuda = Niko
UlazX = 1832.354980
UlazY = -1886.888305
UlazZ = 13.417963
IzlazX = 0.000000
IzlazY = 0.000000
IzlazZ = 0.000000
Level = 6
Cena = 100000
Kasa = 2934
Int = 0
Zatvoreno = 0
Proizvodi = 263
MaxProizvodi = 300
VW = 49
Neaktivnost = 121
