ImaVlasnika = 1
Vlasnik = Zeljko_Jevtovic
Vrsta = 18
Naziv = Trafika
Iznuda = Niko
UlazX = 1179.742431
UlazY = -1412.542236
UlazZ = 13.416749
IzlazX = 0.000000
IzlazY = 0.000000
IzlazZ = 0.000000
Level = 6
Cena = 90000
Kasa = 3800
Int = 0
Zatvoreno = 0
Proizvodi = 188
MaxProizvodi = 300
VW = 52
Neaktivnost = 23
