ImaVlasnika = 0
Vlasnik = Niko
Vrsta = 1
Naziv = Maxi
Iznuda = Niko
UlazX = 1299.234375
UlazY = -1338.120117
UlazZ = 13.670333
IzlazX = 1285.367065
IzlazY = -1141.339843
IzlazZ = -94.142799
Level = 10
Cena = 160000
Kasa = 0
Int = 3
Zatvoreno = 0
Proizvodi = 300
MaxProizvodi = 300
VW = 7
Neaktivnost = 0
