ImaVlasnika = 0
Vlasnik = Niko
Vrsta = 1
Naziv = Market 24/7
Iznuda = Niko
UlazX = 2818.825683
UlazY = -1614.587768
UlazZ = 11.080135
IzlazX = -25.132600
IzlazY = -139.067001
IzlazZ = 1003.546875
Level = 8
Cena = 85000
Kasa = 7
Int = 16
Zatvoreno = 0
Proizvodi = 300
MaxProizvodi = 300
VW = 39
Neaktivnost = 0
