ImaVlasnika = 0
Vlasnik = Niko
Vrsta = 18
Naziv = Bus vozac
Iznuda = Niko
UlazX = 1741.351562
UlazY = -1863.586059
UlazZ = 13.574868
IzlazX = 0.000000
IzlazY = 0.000000
IzlazZ = 0.000000
Level = 7
Cena = 180000
Kasa = 4500
Int = 0
Zatvoreno = 0
Proizvodi = 300
MaxProizvodi = 300
VW = 58
Neaktivnost = 116
