ImaVlasnika = 0
Vlasnik = Niko
Vrsta = 14
Naziv = Victim
Iznuda = Niko
UlazX = 1123.677856
UlazY = -1269.400390
UlazZ = 13.546875
IzlazX = 227.342803
IzlazY = -8.243800
IzlazZ = 1002.210876
Level = 8
Cena = 140000
Kasa = 1250
Int = 5
Zatvoreno = 0
Proizvodi = 300
MaxProizvodi = 300
VW = 23
Neaktivnost = 0
