ImaVlasnika = 0
Vlasnik = Niko
Vrsta = 11
Naziv = Night Club
Iznuda = Niko
UlazX = 2751.091308
UlazY = -1438.127563
UlazZ = 30.453125
IzlazX = -2636.578125
IzlazY = 1402.793579
IzlazZ = 906.460876
Level = 7
Cena = 105000
Kasa = 125
Int = 3
Zatvoreno = 0
Proizvodi = 296
MaxProizvodi = 300
VW = 38
Neaktivnost = 0
