CisternID=34
TruckID=33
PosZ=13.786000
PosY=-2164.611816
PosX=1464.739868
Name=Pumpa
GasOilL=150
GasOilPrice=500
GasL=150
GasPrice=400
DieselL=150
DieselPrice=400
GasolineL=150
GasolinePrice=400
BussinesID=45
Placed=true

