CisternID=32
TruckID=31
PosZ=13.387993
PosY=-1773.928710
PosX=1938.310424
Name=OMV
GasOilL=2148
GasOilPrice=500
GasL=2148
GasPrice=400
DieselL=2102
DieselPrice=400
GasolineL=2105
GasolinePrice=400
BussinesID=44
Placed=true
BusinessID=0

