CisternID=36
TruckID=35
PosZ=42.181648
PosY=-940.714904
PosX=1002.549560
Name=Pumpa
GasOilL=150
GasOilPrice=500
GasL=150
GasPrice=400
DieselL=104
DieselPrice=400
GasolineL=47
GasolinePrice=400
BussinesID=46
Placed=true
BusinessID=0

