ImaVlasnika = 0
Vlasnik = Niko
Vrsta = 15
Naziv = Suburban
Iznuda = Niko
UlazX = 1976.407226
UlazY = -2036.686035
UlazZ = 13.546875
IzlazX = 203.895294
IzlazY = -50.656700
IzlazZ = 1001.804687
Level = 7
Cena = 100000
Kasa = 625
Int = 1
Zatvoreno = 0
Proizvodi = 300
MaxProizvodi = 300
VW = 24
Neaktivnost = 0
