ImaVlasnika = 0
Vlasnik = Niko
Vrsta = 12
Naziv = Restoran
Iznuda = Niko
UlazX = 1038.189453
UlazY = -1340.281982
UlazZ = 13.739603
IzlazX = 460.265411
IzlazY = -88.611503
IzlazZ = 999.554687
Level = 7
Cena = 95000
Kasa = 0
Int = 4
Zatvoreno = 1
Proizvodi = 487
MaxProizvodi = 300
VW = 22
Neaktivnost = 0
