ImaVlasnika = 0
Vlasnik = Niko
Vrsta = 12
Naziv = Elite Restoran
Iznuda = Niko
UlazX = 1852.307250
UlazY = -1145.070434
UlazZ = 23.833572
IzlazX = -794.958374
IzlazY = 490.110504
IzlazZ = 1376.195312
Level = 6
Cena = 100000
Kasa = 17724
Int = 1
Zatvoreno = 0
Proizvodi = 176
MaxProizvodi = 300
VW = 12
Neaktivnost = 0
