ImaVlasnika = 0
Vlasnik = Niko
Vrsta = 5
Naziv = Pig Pen
Iznuda = Niko
UlazX = 2421.596923
UlazY = -1219.534667
UlazZ = 25.542591
IzlazX = 1204.846191
IzlazY = -13.852100
IzlazZ = 1000.921875
Level = 8
Cena = 110000
Kasa = 0
Int = 2
Zatvoreno = 0
Proizvodi = 300
MaxProizvodi = 300
VW = 36
Neaktivnost = 0
