ImaVlasnika = 0
Vlasnik = Niko
Vrsta = 9
Naziv = Binco
Iznuda = Niko
UlazX = 1498.467773
UlazY = -1580.675537
UlazZ = 13.549818
IzlazX = 207.766204
IzlazY = -111.266296
IzlazZ = 1005.132812
Level = 10
Cena = 160000
Kasa = 2925
Int = 15
Zatvoreno = 0
Proizvodi = 300
MaxProizvodi = 300
VW = 13
Neaktivnost = 0
