ImaVlasnika = 0
Vlasnik = Niko
Vrsta = 1
Naziv = Market 24/7
Iznuda = Niko
UlazX = -51.776508
UlazY = -306.768127
UlazZ = 5.429687
IzlazX = -25.132600
IzlazY = -139.067001
IzlazZ = 1003.546875
Level = 1
Cena = 1
Kasa = 30
Int = 16
Zatvoreno = 0
Proizvodi = 300
MaxProizvodi = 300
VW = 69
Neaktivnost = 0
