ImaVlasnika = 0
Vlasnik = Niko
Vrsta = 18
Naziv = Dostavljaci Brasna d.o.o
Iznuda = Niko
UlazX = 1083.013671
UlazY = -1225.624755
UlazZ = 15.820302
IzlazX = 0.000000
IzlazY = 0.000000
IzlazZ = 0.000000
Level = 15
Cena = 230000
Kasa = 5950
Int = 0
Zatvoreno = 1
Proizvodi = 300
MaxProizvodi = 300
VW = 65
Neaktivnost = 0
