ImaVlasnika = 0
Vlasnik = Niko
Vrsta = 10
Naziv = Pink Panter
Iznuda = Niko
UlazX = 1368.380493
UlazY = -1279.664184
UlazZ = 13.546875
IzlazX = 315.762786
IzlazY = -143.661193
IzlazZ = 999.601623
Level = 15
Cena = 330000
Kasa = 12497
Int = 7
Zatvoreno = 0
Proizvodi = 168
MaxProizvodi = 300
VW = 6
Neaktivnost = 117
