ImaVlasnika = 0
Vlasnik = Niko
Vrsta = 18
Naziv = AMSS Beograd
Iznuda = Niko
UlazX = 1941.546997
UlazY = -2014.379882
UlazZ = 13.546854
IzlazX = 0.000000
IzlazY = 0.000000
IzlazZ = 0.000000
Level = 17
Cena = 260000
Kasa = 7565
Int = 0
Zatvoreno = 0
Proizvodi = 300
MaxProizvodi = 300
VW = 25
Neaktivnost = 3
