ImaVlasnika = 0
Vlasnik = Niko
Vrsta = 19
Naziv = Maxi
Iznuda = Niko
UlazX = 1350.205200
UlazY = -1760.198364
UlazZ = 13.526037
IzlazX = 1285.367065
IzlazY = -1141.339843
IzlazZ = -94.142799
Level = 9
Cena = 170000
Kasa = 28326
Int = 3
Zatvoreno = 0
Proizvodi = 300
MaxProizvodi = 300
VW = 2
Neaktivnost = 12
