ImaVlasnika = 0
Vlasnik = Niko
Vrsta = 1
Naziv = OMV Pumpa & Market
Iznuda = Niko
UlazX = 1928.847412
UlazY = -1776.198120
UlazZ = 13.546875
IzlazX = -27.312299
IzlazY = -29.277599
IzlazZ = 1003.557250
Level = 9
Cena = 195000
Kasa = 1110
Int = 4
Zatvoreno = 0
Proizvodi = 300
MaxProizvodi = 300
VW = 29
Neaktivnost = 117
