ImaVlasnika = 0
Vlasnik = Niko
Vrsta = 1
Naziv = Market 24/7
Iznuda = Niko
UlazX = 1320.770263
UlazY = -877.608337
UlazZ = 39.588001
IzlazX = -27.312299
IzlazY = -29.277599
IzlazZ = 1003.557250
Level = 1
Cena = 1
Kasa = 5
Int = 4
Zatvoreno = 0
Proizvodi = 300
MaxProizvodi = 300
VW = 68
Neaktivnost = 0
