ImaVlasnika = 0
Vlasnik = Niko
Vrsta = 18
Naziv = Dostavljac Produkata
Iznuda = Niko
UlazX = 2190.003662
UlazY = -2255.629394
UlazZ = 13.496614
IzlazX = 0.000000
IzlazY = 0.000000
IzlazZ = 0.000000
Level = 11
Cena = 210000
Kasa = 0
Int = 0
Zatvoreno = 0
Proizvodi = 300
MaxProizvodi = 300
VW = 60
Neaktivnost = 0
