ImaVlasnika = 0
Vlasnik = Niko
Vrsta = 4
Naziv = Pizza
Iznuda = Niko
UlazX = 2105.038574
UlazY = -1806.483886
UlazZ = 13.554649
IzlazX = 372.411712
IzlazY = -130.457702
IzlazZ = 1001.492187
Level = 8
Cena = 140000
Kasa = 0
Int = 5
Zatvoreno = 1
Proizvodi = 932
MaxProizvodi = 300
VW = 26
Neaktivnost = 0
