ImaVlasnika = 0
Vlasnik = Niko
Vrsta = 15
Naziv = Sub Urban
Iznuda = Niko
UlazX = 2112.831054
UlazY = -1211.864990
UlazZ = 23.963464
IzlazX = 203.895294
IzlazY = -50.656700
IzlazZ = 1001.804687
Level = 7
Cena = 120000
Kasa = 200
Int = 1
Zatvoreno = 0
Proizvodi = 300
MaxProizvodi = 300
VW = 43
Neaktivnost = 0
