ImaVlasnika = 0
Vlasnik = Niko
Vrsta = 16
Naziv = Barber
Iznuda = Niko
UlazX = 1021.095153
UlazY = -1386.886596
UlazZ = 13.358650
IzlazX = 418.652984
IzlazY = -82.639793
IzlazZ = 1001.804687
Level = 3
Cena = 80000
Kasa = 1603
Int = 3
Zatvoreno = 0
Proizvodi = 1278
MaxProizvodi = 300
VW = 18
Neaktivnost = 0
