ImaVlasnika = 0
Vlasnik = 
Vrsta = 0
Naziv = 
Iznuda = 
UlazX = 0.000000
UlazY = 0.000000
UlazZ = 0.000000
IzlazX = 0.000000
IzlazY = 0.000000
IzlazZ = 0.000000
Level = 0
Cena = 10000
Kasa = 3725
Int = 0
Zatvoreno = 0
Proizvodi = 0
MaxProizvodi = 0
VW = 0
Neaktivnost = 0
