ImaVlasnika = 0
Vlasnik = Niko
Vrsta = 1
Naziv = Market
Iznuda = Niko
UlazX = 1592.388061
UlazY = -1862.638549
UlazZ = 13.527310
IzlazX = -25.132600
IzlazY = -139.067001
IzlazZ = 1003.546875
Level = 12
Cena = 110000
Kasa = 4006
Int = 16
Zatvoreno = 0
Proizvodi = 300
MaxProizvodi = 300
VW = 1
Neaktivnost = 0
