ImaVlasnika = 0
Vlasnik = Niko
Vrsta = 18
Naziv = Firma
Iznuda = Niko
UlazX = -1733.891113
UlazY = 33.876468
UlazZ = 3.554687
IzlazX = 0.000000
IzlazY = 0.000000
IzlazZ = 0.000000
Level = 5
Cena = 210000
Kasa = 0
Int = 0
Zatvoreno = 0
Proizvodi = 300
MaxProizvodi = 300
VW = 67
Neaktivnost = 159
