ImaVlasnika = 0
Vlasnik = Niko
Vrsta = 2
Naziv = Burg
Iznuda = Niko
UlazX = 810.746582
UlazY = -1616.057617
UlazZ = 13.546875
IzlazX = 366.032409
IzlazY = -72.639999
IzlazZ = 1001.507812
Level = 5
Cena = 100000
Kasa = 3285
Int = 10
Zatvoreno = 0
Proizvodi = 692
MaxProizvodi = 300
VW = 54
Neaktivnost = 0
