ImaVlasnika = 1
Vlasnik = Dzenis_Hazzard
Vrsta = 1
Naziv = Firma
Iznuda = Niko
UlazX = 999.891235
UlazY = -920.063964
UlazZ = 42.328086
IzlazX = -25.132600
IzlazY = -139.067001
IzlazZ = 1003.546875
Level = 10
Cena = 130000
Kasa = 200977
Int = 16
Zatvoreno = 0
Proizvodi = 300
MaxProizvodi = 300
VW = 62
Neaktivnost = 29
