ImaVlasnika = 0
Vlasnik = Niko
Vrsta = 13
Naziv = Zip
Iznuda = Niko
UlazX = 1456.674194
UlazY = -1138.120605
UlazZ = 23.970766
IzlazX = 161.410293
IzlazY = -96.687202
IzlazZ = 1001.804687
Level = 6
Cena = 110000
Kasa = 2325
Int = 18
Zatvoreno = 0
Proizvodi = 300
MaxProizvodi = 300
VW = 55
Neaktivnost = 0
