ImaVlasnika = 0
Vlasnik = Niko
Vrsta = 1
Naziv = Market 24/7
Iznuda = Niko
UlazX = 2152.435058
UlazY = -1013.740173
UlazZ = 62.841835
IzlazX = -25.132600
IzlazY = -139.067001
IzlazZ = 1003.546875
Level = 9
Cena = 80000
Kasa = 0
Int = 16
Zatvoreno = 0
Proizvodi = 300
MaxProizvodi = 300
VW = 46
Neaktivnost = 0
