ImaVlasnika = 0
Vlasnik = Niko
Vrsta = 12
Naziv = Kafana
Iznuda = Niko
UlazX = 2309.794433
UlazY = -1643.836181
UlazZ = 14.827047
IzlazX = 460.265411
IzlazY = -88.611503
IzlazZ = 999.554687
Level = 5
Cena = 60000
Kasa = 0
Int = 4
Zatvoreno = 1
Proizvodi = 184
MaxProizvodi = 300
VW = 32
Neaktivnost = 0
