ImaVlasnika = 0
Vlasnik = Niko
Vrsta = 15
Naziv = Suburban
Iznuda = Niko
UlazX = 2713.494873
UlazY = -1468.511962
UlazZ = 30.561288
IzlazX = 203.895294
IzlazY = -50.656700
IzlazZ = 1001.804687
Level = 8
Cena = 110000
Kasa = 25
Int = 1
Zatvoreno = 0
Proizvodi = 300
MaxProizvodi = 300
VW = 41
Neaktivnost = 0
