ImaVlasnika = 0
Vlasnik = Niko
Vrsta = 16
Naziv = Barber
Iznuda = Niko
UlazX = 995.097473
UlazY = -1479.704711
UlazZ = 13.546875
IzlazX = 418.652984
IzlazY = -82.639793
IzlazZ = 1001.804687
Level = 3
Cena = 80000
Kasa = 2075
Int = 3
Zatvoreno = 0
Proizvodi = 312
MaxProizvodi = 300
VW = 17
Neaktivnost = 0
