ImaVlasnika = 0
Vlasnik = Niko
Vrsta = 14
Naziv = Victim
Iznuda = Niko
UlazX = 1163.332153
UlazY = -1694.234741
UlazZ = 14.171875
IzlazX = 227.342803
IzlazY = -8.243800
IzlazZ = 1002.210876
Level = 8
Cena = 95000
Kasa = 350
Int = 5
Zatvoreno = 0
Proizvodi = 300
MaxProizvodi = 300
VW = 15
Neaktivnost = 0
