ImaVlasnika = 0
Vlasnik = Niko
Vrsta = 12
Naziv = Restoran
Iznuda = Niko
UlazX = 2194.114990
UlazY = -999.573791
UlazZ = 63.124706
IzlazX = 460.265411
IzlazY = -88.611503
IzlazZ = 999.554687
Level = 5
Cena = 80000
Kasa = 1406
Int = 4
Zatvoreno = 0
Proizvodi = 275
MaxProizvodi = 300
VW = 45
Neaktivnost = 0
