ImaVlasnika = 0
Vlasnik = Niko
Vrsta = 8
Naziv = Sex Shop
Iznuda = Niko
UlazX = 953.844116
UlazY = -1336.778808
UlazZ = 13.538969
IzlazX = -100.295700
IzlazY = -24.654399
IzlazZ = 1000.718811
Level = 4
Cena = 60000
Kasa = 1242
Int = 3
Zatvoreno = 0
Proizvodi = 377
MaxProizvodi = 300
VW = 20
Neaktivnost = 117
