iImaVlasnika = 1
iVlasnik = Ghost
iImanjeX = -445.591888
iImanjeY = -1386.250244
iImanjeZ = 24.513597
iLevel = 1
iCena = 1
iNeakt = 0
iPostavljeno = 1
iRadius = 100
