dDrvoX = 2282.115478
dDrvoY = -1451.935791
dDrvoZ = 21.289554
dVrsta = 3
dRast = 7
dRastVoca = 0
dPostavljeno = 1
dIDImanja = 0
