dDrvoX = -446.661346
dDrvoY = -1391.306152
dDrvoZ = 21.799673
dVrsta = 1
dRast = 1
dRastVoca = 0
dPostavljeno = 1
dIDImanja = 1
