dDrvoX = -451.121398
dDrvoY = -1386.901611
dDrvoZ = 21.956148
dVrsta = 1
dRast = 1
dRastVoca = 0
dPostavljeno = 1
dIDImanja = 1
