dDrvoX = 2288.659179
dDrvoY = -1444.198852
dDrvoZ = 21.465076
dVrsta = 3
dRast = 7
dRastVoca = 0
dPostavljeno = 1
dIDImanja = 0
