minX = 2089.106445
minY = -1886.405639
maxX = 2208.401611
maxY = -1740.149414
Team = 2
Preuzeto = 0
Pickupx = 2090.428222
Pickupy = -1845.139892
Pickupz = 4.025739
