minX = 2079.756591
minY = -1377.373046
maxX = 2263.682861
maxY = -1227.771362
Team = 2
Preuzeto = 0
Pickupx = 2233.292968
Pickupy = -1333.304809
Pickupz = 23.981565
