minX = 2714.717529
minY = -1650.235961
maxX = 2864.863525
maxY = -1495.679199
Team = 2
Preuzeto = 120
Glavna = 1
Pickupx = 2758.903320
Pickupy = -1580.775146
Pickupz = 16.677831
