minX = 2046.522460
minY = -1667.369995
maxX = 2202.549316
maxY = -1525.043334
Team = 1
Preuzeto = 120
Glavna = 1
Pickupx = 2120.281494
Pickupy = -1595.142456
Pickupz = 14.035243
