Posadio = Johnny_Nelson
Vrsta = 3
Minuti = 0
X = 1801.338623
Y = -1833.730957
Z = 11.990601
tX = 1801.338623
tY = -1833.730957
tZ = 13.390604
Angle = 4.025306
Porasla = 1
