Posadio = Johnny_Nelson
Vrsta = 3
Minuti = 0
X = 2034.268554
Y = -1729.657836
Z = 12.146870
tX = 2034.268554
tY = -1729.657836
tZ = 13.546875
Angle = 0.288713
Porasla = 1
