WOFZ=23.887226
WOFY=-1133.492065
WOFX=1228.137084
Cena=3000000
Vlasnik=Niko
ImaVlasnika=0
Postavljena=1

