WOFZ=23.550424
WOFY=-1156.444213
WOFX=1232.668945
Cena=3000000
Vlasnik=Niko
ImaVlasnika=0
Postavljena=1

