WOFZ=-24.422103
WOFY=-2421.425048
WOFX=611.983581
Cena=30000000
Vlasnik=Niko
ImaVlasnika=0
Postavljena=1

