WOFZ=23.828125
WOFY=-1156.535522
WOFX=1262.183349
Cena=3000000
Vlasnik=Niko
ImaVlasnika=0
Postavljena=1

