WOFZ=23.828125
WOFY=-1156.587646
WOFX=1278.652832
Cena=3000000
Vlasnik=Luka_Stojanovic
ImaVlasnika=1
Postavljena=1

