WOFZ=23.828125
WOFY=-1156.635620
WOFX=1294.487915
Cena=3000000
Vlasnik=Milos_Jovanovic
ImaVlasnika=1
Postavljena=1

