WOFZ=23.831256
WOFY=-1133.815185
WOFX=1249.932006
Cena=3000000
Vlasnik=Niko
ImaVlasnika=0
Postavljena=1

