WOFZ=23.828125
WOFY=-1156.683959
WOFX=1310.661621
Cena=3000000
Vlasnik=Zoran_Senic
ImaVlasnika=1
Postavljena=1

