WOFZ=23.745536
WOFY=-1156.489257
WOFX=1247.164916
Cena=3000000
Vlasnik=Niko
ImaVlasnika=0
Postavljena=1

