WOFZ=23.943586
WOFY=-1133.788085
WOFX=1207.235473
Cena=3000000
Vlasnik=Niko
ImaVlasnika=0
Postavljena=1

