WOFZ=23.866687
WOFY=-1133.468872
WOFX=1184.535766
Cena=3000000
Vlasnik=Niko
ImaVlasnika=0
Postavljena=1

