ProveraVlasnika = 0
Vlasnik = Niko
Vrsta = Mala Kuca
UlazX = 2094.053466
UlazY = -1122.673339
UlazZ = 27.689872
IzlazX = 223.073196
IzlazY = 1288.366821
IzlazZ = 1082.140625
Level = 4
Cena = 80000
Novac = 0
Interior = 1
Zatvoreno = 1
VW = 151
Oruzije = -1
Municija = 0
Rent = 0
CenaRenta = 50
Zvono = 0
Heal = 0
Mats = 0
Cannabis = 0
Kokain = 0
Odjeca = 0
VrstaIntKuce = 1
Hrana = 0
Neaktivnost = 0
