iImaVlasnika = 1
iVlasnik = Ghost
iImanjeX = 2284.055908
iImanjeY = -1447.931762
iImanjeZ = 23.485233
iLevel = 1
iCena = 1
iNeakt = 0
iPostavljeno = 1
iRadius = 10
