minX = 2224.974121
minY = -1533.943237
maxX = 2335.823730
maxY = -1391.775024
Team = 2
Preuzeto = 0
Glavna = 1
Pickupx = 2223.258544
Pickupy = -1527.313110
Pickupz = 20.138431
