minX = 645.596008
minY = -1314.124145
maxX = 788.251159
maxY = -1063.120239
Team = 4
Preuzeto = 0
Glavna = 0
Pickupx = 723.197998
Pickupy = -1253.734985
Pickupz = 13.554141
