minX = 1826.920043
minY = -1925.370727
maxX = 1955.617919
maxY = -1758.484130
Team = 3
Preuzeto = 0
Glavna = 0
Pickupx = 1879.282348
Pickupy = -1888.566162
Pickupz = 13.479438
