minX = 1858.950195
minY = -1252.428588
maxX = 2058.324707
maxY = -1143.047729
Team = 2
Preuzeto = 120
Pickupx = 1958.018188
Pickupy = -1172.735717
Pickupz = 20.158842
Glavna = 0
