VrednostPoreza=0
Porez=0
Locked=0
Level=0
VW=0
Interior=0
Money=0
RoomPrice=0
Price=0
Exit3=0.000000
Exit2=0.000000
Exit1=0.000000
Enter3=0.000000
Enter2=0.000000
Enter1=0.000000
Owned=0

