ProveraVlasnika = 0
Vlasnik = Niko
UlazX = 1179.889648
UlazY = -1233.240722
UlazZ = 22.140625
IzlazX = 633.750976
IzlazY = -1122.441772
IzlazZ = 23.158300
Level = 5
Cena = 100000
Novac = 0
Int = 1
Zatvoreno = 1
VW = 33
Oruzije = -1
Municija = 0
Neaktivnost = 0
