ProveraVlasnika = 0
Vlasnik = Niko
UlazX = 2521.396972
UlazY = -1281.739501
UlazZ = 34.851562
IzlazX = 633.750976
IzlazY = -1122.441772
IzlazZ = 23.158300
Level = 5
Cena = 100000
Novac = 0
Int = 1
Zatvoreno = 1
VW = 52
Oruzije = -1
Municija = 0
Neaktivnost = 0
