ProveraVlasnika = 0
Vlasnik = Niko
UlazX = 2521.527099
UlazY = -1272.826416
UlazZ = 34.893707
IzlazX = 633.750976
IzlazY = -1122.441772
IzlazZ = 23.158300
Level = 5
Cena = 100000
Novac = 0
Int = 1
Zatvoreno = 1
VW = 53
Oruzije = -1
Municija = 0
Neaktivnost = 0
