ProveraVlasnika = 0
Vlasnik = Niko
UlazX = 2587.386718
UlazY = -1229.267578
UlazZ = 51.190628
IzlazX = 633.750976
IzlazY = -1122.441772
IzlazZ = 23.158300
Level = 5
Cena = 100000
Novac = 0
Int = 1
Zatvoreno = 1
VW = 56
Oruzije = -1
Municija = 0
Neaktivnost = 0
