ProveraVlasnika = 0
Vlasnik = Niko
UlazX = 1241.302490
UlazY = -872.055419
UlazZ = 46.632949
IzlazX = 633.750976
IzlazY = -1122.441772
IzlazZ = 23.158300
Level = 5
Cena = 100000
Novac = 0
Int = 1
Zatvoreno = 1
VW = 10
Oruzije = -1
Municija = 0
Neaktivnost = 0
