ProveraVlasnika = 0
Vlasnik = Niko
UlazX = 2476.341796
UlazY = -1366.210083
UlazZ = 29.313102
IzlazX = 633.750976
IzlazY = -1122.441772
IzlazZ = 23.158300
Level = 5
Cena = 100000
Novac = 0
Int = 1
Zatvoreno = 1
VW = 47
Oruzije = -1
Municija = 0
Neaktivnost = 0
