ProveraVlasnika = 0
Vlasnik = Niko
UlazX = 2587.383300
UlazY = -1238.105346
UlazZ = 48.564414
IzlazX = 633.750976
IzlazY = -1122.441772
IzlazZ = 23.158300
Level = 5
Cena = 100000
Novac = 0
Int = 1
Zatvoreno = 1
VW = 54
Oruzije = -1
Municija = 0
Neaktivnost = 0
