ProveraVlasnika = 0
Vlasnik = Niko
UlazX = 1187.358032
UlazY = -1254.703613
UlazZ = 18.890762
IzlazX = 633.750976
IzlazY = -1122.441772
IzlazZ = 23.158300
Level = 5
Cena = 100000
Novac = 0
Int = 1
Zatvoreno = 1
VW = 34
Oruzije = -1
Municija = 0
Neaktivnost = 0
