ProveraVlasnika = 0
Vlasnik = Niko
UlazX = 1288.363037
UlazY = -873.952636
UlazZ = 46.843750
IzlazX = 633.750976
IzlazY = -1122.441772
IzlazZ = 23.158300
Level = 5
Cena = 100000
Novac = 0
Int = 1
Zatvoreno = 1
VW = 16
Oruzije = -1
Municija = 0
Neaktivnost = 0
