ProveraVlasnika = 0
Vlasnik = Niko
UlazX = 1291.022827
UlazY = -896.876953
UlazZ = 46.625137
IzlazX = 633.750976
IzlazY = -1122.441772
IzlazZ = 23.158300
Level = 5
Cena = 100000
Novac = 0
Int = 1
Zatvoreno = 1
VW = 18
Oruzije = -1
Municija = 0
Neaktivnost = 0
