ProveraVlasnika = 0
Vlasnik = Niko
UlazX = 2587.381347
UlazY = -1200.219726
UlazZ = 59.357849
IzlazX = 633.750976
IzlazY = -1122.441772
IzlazZ = 23.158300
Level = 5
Cena = 100000
Novac = 0
Int = 1
Zatvoreno = 1
VW = 63
Oruzije = -1
Municija = 0
Neaktivnost = 0
