ProveraVlasnika = 0
Vlasnik = Niko
UlazX = 2587.396484
UlazY = -1211.989624
UlazZ = 56.514427
IzlazX = 633.750976
IzlazY = -1122.441772
IzlazZ = 23.158300
Level = 5
Cena = 100000
Novac = 0
Int = 1
Zatvoreno = 1
VW = 60
Oruzije = -1
Municija = 0
Neaktivnost = 0
