ProveraVlasnika = 0
Vlasnik = Niko
UlazX = 2587.396972
UlazY = -1220.486450
UlazZ = 53.765441
IzlazX = 633.750976
IzlazY = -1122.441772
IzlazZ = 23.158300
Level = 5
Cena = 100000
Novac = 0
Int = 1
Zatvoreno = 1
VW = 58
Oruzije = -1
Municija = 0
Neaktivnost = 0
