ProveraVlasnika = 0
Vlasnik = Niko
UlazX = 2288.000488
UlazY = -1104.619750
UlazZ = 38.592819
IzlazX = 633.750976
IzlazY = -1122.441772
IzlazZ = 23.158300
Level = 5
Cena = 100000
Novac = 0
Int = 1
Zatvoreno = 1
VW = 64
Oruzije = -1
Municija = 0
Neaktivnost = 0
