ProveraVlasnika = 0
Vlasnik = Niko
UlazX = 2335.062011
UlazY = -1046.010498
UlazZ = 52.552936
IzlazX = 633.750976
IzlazY = -1122.441772
IzlazZ = 23.158300
Level = 5
Cena = 100000
Novac = 0
Int = 1
Zatvoreno = 1
VW = 72
Oruzije = -1
Municija = 0
Neaktivnost = 0
