ProveraVlasnika = 0
Vlasnik = Niko
UlazX = 2319.714355
UlazY = -1053.129760
UlazZ = 52.460803
IzlazX = 633.750976
IzlazY = -1122.441772
IzlazZ = 23.158300
Level = 5
Cena = 100000
Novac = 0
Int = 1
Zatvoreno = 1
VW = 69
Oruzije = -1
Municija = 0
Neaktivnost = 0
