ProveraVlasnika = 0
Vlasnik = Niko
UlazX = 1188.183349
UlazY = -1011.807617
UlazZ = 36.226699
IzlazX = 633.750976
IzlazY = -1122.441772
IzlazZ = 23.158300
Level = 5
Cena = 100000
Novac = 0
Int = 1
Zatvoreno = 1
VW = 23
Oruzije = -1
Municija = 0
Neaktivnost = 0
