ProveraVlasnika = 0
Vlasnik = Niko
UlazX = 1283.520263
UlazY = -897.738220
UlazZ = 46.625137
IzlazX = 633.750976
IzlazY = -1122.441772
IzlazZ = 23.158300
Level = 5
Cena = 100000
Novac = 0
Int = 1
Zatvoreno = 1
VW = 21
Oruzije = -1
Municija = 0
Neaktivnost = 0
