ProveraVlasnika = 0
Vlasnik = Niko
UlazX = 2468.430419
UlazY = -1376.256713
UlazZ = 29.313102
IzlazX = 633.750976
IzlazY = -1122.441772
IzlazZ = 23.158300
Level = 5
Cena = 100000
Novac = 0
Int = 1
Zatvoreno = 1
VW = 38
Oruzije = -1
Municija = 0
Neaktivnost = 0
