dDrvoX = 2286.707275
dDrvoY = -1450.575439
dDrvoZ = 21.329881
dVrsta = 3
dRast = 15
dRastVoca = 0
dPostavljeno = 1
dIDImanja = 0
