dDrvoX = 2286.765136
dDrvoY = -1440.596679
dDrvoZ = 21.512395
dVrsta = 3
dRast = 15
dRastVoca = 0
dPostavljeno = 1
dIDImanja = 0
